-2.868340e-04
-2.868340e-04
-6.721917e-04
-7.072470e-04
-7.227682e-04
-7.338031e-04
-7.425913e-04
-7.498834e-04
-7.560872e-04
-7.614587e-04
-7.661678e-04
-7.703314e-04
-7.740337e-04
-7.773379e-04
-7.802933e-04
-7.829398e-04
-7.853107e-04
-7.874345e-04
-7.893359e-04
-7.910368e-04
-7.925566e-04
-7.939127e-04
-7.951209e-04
-7.961951e-04
-7.971482e-04
-7.979917e-04
-7.987360e-04
-7.993908e-04
-7.999644e-04
-8.004648e-04
-8.008990e-04
-8.012734e-04
-8.015937e-04
-8.018654e-04
-8.020931e-04
-8.022811e-04
-8.024335e-04
-8.025537e-04
-8.026449e-04
-8.027102e-04
-8.027521e-04
-8.027730e-04
-8.027751e-04
-8.027603e-04
-8.027305e-04
-8.026873e-04
-8.026321e-04
-8.025661e-04
-8.024908e-04
-8.024069e-04
-8.023157e-04
-8.022179e-04
-8.021144e-04
-8.020058e-04
-8.018928e-04
-8.017760e-04
-8.016559e-04
-8.015329e-04
-8.014076e-04
-8.012803e-04
-8.011513e-04
-8.010210e-04
-8.008896e-04
-8.007574e-04
-8.006245e-04
-8.004913e-04
-8.003578e-04
-8.002243e-04
-8.000908e-04
-7.999575e-04
-7.998246e-04
-7.996920e-04
-7.995600e-04
-7.994285e-04
-7.992976e-04
-7.991674e-04
-7.990380e-04
-7.989094e-04
-7.987815e-04
-7.986546e-04
-7.985285e-04
-7.984033e-04
-7.982791e-04
-7.981558e-04
-7.980334e-04
-7.979120e-04
-7.977916e-04
-7.976721e-04
-7.975536e-04
-7.974360e-04
-7.973195e-04
-7.972039e-04
-7.970892e-04
-7.969755e-04
-7.968628e-04
-7.967510e-04
-7.966401e-04
-7.965301e-04
-7.964211e-04
-7.963130e-04
-7.962057e-04
-7.960994e-04
-7.959939e-04
-7.958893e-04
-7.957855e-04
-7.956826e-04
-7.955805e-04
-7.954792e-04
-7.953787e-04
-7.952791e-04
-7.951802e-04
-7.950821e-04
-7.949847e-04
-7.948882e-04
-7.947923e-04
-7.946972e-04
-7.946028e-04
-7.945091e-04
-7.944162e-04
-7.943239e-04
-7.942323e-04
-7.941414e-04
-7.940511e-04
-7.939615e-04
-7.938725e-04
-7.937842e-04
-7.936965e-04
-7.936094e-04
-7.935230e-04
-7.934371e-04
-7.933518e-04
-7.932671e-04
-7.931830e-04
-7.930995e-04
-7.930165e-04
-7.929341e-04
-7.928522e-04
-7.927709e-04
-7.926901e-04
-7.926098e-04
-7.925300e-04
-7.924508e-04
-7.923721e-04
-7.922938e-04
-7.922161e-04
-7.921388e-04
-7.920621e-04
-7.919858e-04
-7.919100e-04
-7.918346e-04
-7.917597e-04
-7.916853e-04
-7.916113e-04
-7.915378e-04
-7.914647e-04
-7.913920e-04
-7.913198e-04
-7.912480e-04
-7.911766e-04
-7.911056e-04
-7.910351e-04
-7.909649e-04
-7.908952e-04
-7.908258e-04
-7.907569e-04
-7.906883e-04
-7.906202e-04
-7.905524e-04
-7.904850e-04
-7.904180e-04
-7.903513e-04
-7.902850e-04
-7.902191e-04
-7.901536e-04
-7.900884e-04
-7.900236e-04
-7.899591e-04
-7.898949e-04
-7.898312e-04
-7.897677e-04
-7.897046e-04
-7.896419e-04
-7.895794e-04
-7.895174e-04
-7.894556e-04
-7.893942e-04
-7.893330e-04
-7.892723e-04
-7.892118e-04
-7.891516e-04
-7.890918e-04
-7.890323e-04
-7.889730e-04
-7.889141e-04
-7.888555e-04
-7.887972e-04
-7.887392e-04
-7.886815e-04
-7.886241e-04
-7.885670e-04
-7.885102e-04
-7.884536e-04
-7.883974e-04
-7.883414e-04
-7.882857e-04
-7.882303e-04
-7.881752e-04
-7.881203e-04
-7.880658e-04
-7.880115e-04
-7.879575e-04
-7.879037e-04
-7.878502e-04
-7.877970e-04
-7.877440e-04
-7.876913e-04
-7.876389e-04
-7.875867e-04
-7.875348e-04
-7.874831e-04
-7.874317e-04
-7.873806e-04
-7.873297e-04
-7.872790e-04
-7.872286e-04
-7.871785e-04
-7.871286e-04
-7.870789e-04
-7.870295e-04
-7.869803e-04
-7.869313e-04
-7.868826e-04
-7.868341e-04
-7.867859e-04
-7.867379e-04
-7.866901e-04
-7.866426e-04
-7.865953e-04
-7.865482e-04
-7.865013e-04
-7.864547e-04
-7.864083e-04
-7.863621e-04
-7.863162e-04
-7.862704e-04
-7.862249e-04
-7.861796e-04
-7.861345e-04
-7.860896e-04
-7.860450e-04
-7.860006e-04
-7.859563e-04
-7.859123e-04
-7.858685e-04
-7.858249e-04
-7.857815e-04
-7.857383e-04
-7.856954e-04
-7.856526e-04
-7.856100e-04
-7.855677e-04
-7.855255e-04
-7.854835e-04
-7.854418e-04
-7.854002e-04
-7.853588e-04
-7.853177e-04
-7.852767e-04
-7.852359e-04
-7.851953e-04
-7.851549e-04
-7.851147e-04
-7.850747e-04
-7.850349e-04
-7.849953e-04
-7.849558e-04
-7.849165e-04
-7.848775e-04
-7.848386e-04
-7.847999e-04
-7.847613e-04
-7.847230e-04
-7.846848e-04
-7.846469e-04
-7.846091e-04
-7.845714e-04
-7.845340e-04
-7.844967e-04
-7.844596e-04
-7.844227e-04
-7.843860e-04
-7.843494e-04
-7.843130e-04
-7.842768e-04
-7.842407e-04
-7.842048e-04
-7.841691e-04
-7.841335e-04
-7.840982e-04
-7.840629e-04
-7.840279e-04
-7.839930e-04
-7.839583e-04
-7.839237e-04
-7.838893e-04
-7.838551e-04
-7.838210e-04
-7.837871e-04
-7.837534e-04
-7.837198e-04
-7.836863e-04
-7.836531e-04
-7.836199e-04
-7.835870e-04
-7.835542e-04
-7.835215e-04
-7.834890e-04
-7.834567e-04
-7.834245e-04
-7.833924e-04
-7.833605e-04
-7.833288e-04
-7.832972e-04
-7.832657e-04
-7.832344e-04
-7.832033e-04
-7.831723e-04
-7.831414e-04
-7.831107e-04
-7.830801e-04
-7.830497e-04
-7.830194e-04
-7.829893e-04
-7.829593e-04
-7.829294e-04
-7.828997e-04
-7.828701e-04
-7.828407e-04
-7.828114e-04
-7.827822e-04
-7.827532e-04
-7.827243e-04
-7.826956e-04
-7.826669e-04
-7.826385e-04
-7.826101e-04
-7.825819e-04
-7.825538e-04
-7.825259e-04
-7.824980e-04
-7.824704e-04
-7.824428e-04
-7.824154e-04
-7.823881e-04
-7.823609e-04
-7.823339e-04
-7.823069e-04
-7.822802e-04
-7.822535e-04
-7.822270e-04
-7.822005e-04
-7.821743e-04
-7.821481e-04
-7.821220e-04
-7.820961e-04
-7.820703e-04
-7.820447e-04
-7.820191e-04
-7.819937e-04
-7.819684e-04
-7.819432e-04
-7.819181e-04
-7.818931e-04
-7.818683e-04
-7.818436e-04
-7.818190e-04
-7.817945e-04
-7.817701e-04
-7.817458e-04
-7.817217e-04
-7.816977e-04
-7.816737e-04
-7.816499e-04
-7.816262e-04
-7.816027e-04
-7.815792e-04
-7.815558e-04
-7.815326e-04
-7.815094e-04
-7.814864e-04
-7.814635e-04
-7.814407e-04
-7.814180e-04
-7.813954e-04
-7.813729e-04
-7.813505e-04
-7.813282e-04
-7.813061e-04
-7.812840e-04
-7.812620e-04
-7.812402e-04
-7.812184e-04
-7.811967e-04
-7.811752e-04
-7.811537e-04
-7.811324e-04
-7.811111e-04
-7.810900e-04
-7.810689e-04
-7.810480e-04
-7.810271e-04
-7.810064e-04
-7.809857e-04
-7.809652e-04
-7.809447e-04
-7.809244e-04
-7.809041e-04
-7.808839e-04
-7.808639e-04
-7.808439e-04
-7.808240e-04
-7.808042e-04
-7.807845e-04
-7.807649e-04
-7.807454e-04
-7.807260e-04
-7.807067e-04
-7.806874e-04
-7.806683e-04
-7.806492e-04
-7.806303e-04
-7.806114e-04
-7.805926e-04
-7.805739e-04
-7.805553e-04
-7.805368e-04
-7.805184e-04
-7.805000e-04
-7.804818e-04
-7.804636e-04
-7.804455e-04
-7.804275e-04
-7.804096e-04
-7.803918e-04
-7.803741e-04
-7.803564e-04
-7.803388e-04
-7.803214e-04
-7.803040e-04
-7.802866e-04
-7.802694e-04
-7.802522e-04
-7.802352e-04
-7.802182e-04
-7.802012e-04
-7.801844e-04
-7.801677e-04
-7.801510e-04
-7.801344e-04
-7.801179e-04
-7.801014e-04
-7.800851e-04
-7.800688e-04
-7.800526e-04
-7.800365e-04
-7.800204e-04
-7.800044e-04
-7.799885e-04
-7.799727e-04
-7.799570e-04
-7.799413e-04
-7.799257e-04
-7.799102e-04
-7.798947e-04
-7.798793e-04
-7.798640e-04
-7.798488e-04
-7.798337e-04
-7.798186e-04
-7.798036e-04
-7.797886e-04
-7.797737e-04
-7.797590e-04
-7.797442e-04
-7.797296e-04
-7.797150e-04
-7.797005e-04
-7.796860e-04
-7.796716e-04
-7.796573e-04
-7.796431e-04
-7.796289e-04
-7.796148e-04
-7.796007e-04
-7.795868e-04
-7.795729e-04
-7.795590e-04
-7.795453e-04
-7.795315e-04
-7.795179e-04
-7.795043e-04
-7.794908e-04
-7.794774e-04
-7.794640e-04
-7.794507e-04
-7.794374e-04
-7.794242e-04
-7.794111e-04
-7.793980e-04
-7.793850e-04
-7.793721e-04
-7.793592e-04
-7.793464e-04
-7.793336e-04
-7.793209e-04
-7.793083e-04
-7.792957e-04
-7.792832e-04
-7.792707e-04
-7.792583e-04
-7.792460e-04
-7.792337e-04
-7.792215e-04
-7.792093e-04
-7.791972e-04
-7.791852e-04
-7.791732e-04
-7.791613e-04
-7.791494e-04
-7.791376e-04
-7.791258e-04
-7.791141e-04
-7.791025e-04
-7.790909e-04
-7.790794e-04
-7.790679e-04
-7.790565e-04
-7.790451e-04
-7.790338e-04
-7.790225e-04
-7.790113e-04
-7.790002e-04
-7.789891e-04
-7.789780e-04
-7.789670e-04
-7.789561e-04
-7.789452e-04
-7.789344e-04
-7.789236e-04
-7.789129e-04
-7.789022e-04
-7.788916e-04
-7.788810e-04
-7.788705e-04
-7.788600e-04
-7.788496e-04
-7.788392e-04
-7.788289e-04
-7.788186e-04
-7.788084e-04
-7.787982e-04
-7.787881e-04
-7.787780e-04
-7.787680e-04
-7.787580e-04
-7.787481e-04
-7.787382e-04
-7.787283e-04
-7.787185e-04
-7.787088e-04
-7.786991e-04
-7.786895e-04
-7.786799e-04
-7.786703e-04
-7.786608e-04
-7.786513e-04
-7.786419e-04
-7.786325e-04
-7.786232e-04
-7.786139e-04
-7.786047e-04
-7.785955e-04
-7.785863e-04
-7.785772e-04
-7.785682e-04
-7.785592e-04
-7.785502e-04
-7.785412e-04
-7.785324e-04
-7.785235e-04
-7.785147e-04
-7.785060e-04
-7.784972e-04
-7.784886e-04
-7.784799e-04
-7.784713e-04
-7.784628e-04
-7.784543e-04
-7.784458e-04
-7.784374e-04
-7.784290e-04
-7.784207e-04
-7.784124e-04
-7.784041e-04
-7.783959e-04
-7.783877e-04
-7.783795e-04
-7.783714e-04
-7.783634e-04
-7.783553e-04
-7.783474e-04
-7.783394e-04
-7.783315e-04
-7.783236e-04
-7.783158e-04
-7.783080e-04
-7.783002e-04
-7.782925e-04
-7.782848e-04
-7.782772e-04
-7.782696e-04
-7.782620e-04
-7.782545e-04
-7.782470e-04
-7.782395e-04
-7.782321e-04
-7.782247e-04
-7.782173e-04
-7.782100e-04
-7.782027e-04
-7.781955e-04
-7.781883e-04
-7.781811e-04
-7.781739e-04
-7.781668e-04
-7.781598e-04
-7.781527e-04
-7.781457e-04
-7.781388e-04
-7.781318e-04
-7.781249e-04
-7.781180e-04
-7.781112e-04
-7.781044e-04
-7.780976e-04
-7.780909e-04
-7.780842e-04
-7.780775e-04
-7.780709e-04
-7.780643e-04
-7.780577e-04
-7.780512e-04
-7.780447e-04
-7.780382e-04
-7.780317e-04
-7.780253e-04
-7.780189e-04
-7.780126e-04
-7.780063e-04
-7.780000e-04
-7.779937e-04
-7.779875e-04
-7.779813e-04
-7.779751e-04
-7.779690e-04
-7.779629e-04
-7.779568e-04
-7.779507e-04
-7.779447e-04
-7.779387e-04
-7.779327e-04
-7.779268e-04
-7.779209e-04
-7.779150e-04
-7.779092e-04
-7.779034e-04
-7.778976e-04
-7.778918e-04
-7.778861e-04
-7.778804e-04
-7.778747e-04
-7.778691e-04
-7.778634e-04
-7.778578e-04
-7.778523e-04
-7.778467e-04
-7.778412e-04
-7.778357e-04
-7.778303e-04
-7.778249e-04
-7.778194e-04
-7.778141e-04
-7.778087e-04
-7.778034e-04
-7.777981e-04
-7.777928e-04
-7.777876e-04
-7.777824e-04
-7.777772e-04
-7.777720e-04
-7.777668e-04
-7.777617e-04
-7.777566e-04
-7.777516e-04
-7.777465e-04
-7.777415e-04
-7.777365e-04
-7.777315e-04
-7.777266e-04
-7.777217e-04
-7.777168e-04
-7.777119e-04
-7.777070e-04
-7.777022e-04
-7.776974e-04
-7.776926e-04
-7.776879e-04
-7.776831e-04
-7.776784e-04
-7.776737e-04
-7.776691e-04
-7.776644e-04
-7.776598e-04
-7.776552e-04
-7.776507e-04
-7.776461e-04
-7.776416e-04
-7.776371e-04
-7.776326e-04
-7.776281e-04
-7.776237e-04
-7.776193e-04
-7.776149e-04
-7.776105e-04
-7.776062e-04
-7.776018e-04
-7.775975e-04
-7.775932e-04
-7.775890e-04
-7.775847e-04
-7.775805e-04
-7.775763e-04
-7.775721e-04
-7.775680e-04
-7.775638e-04
-7.775597e-04
-7.775556e-04
-7.775515e-04
-7.775475e-04
-7.775434e-04
-7.775394e-04
-7.775354e-04
-7.775314e-04
-7.775275e-04
-7.775235e-04
-7.775196e-04
-7.775157e-04
-7.775118e-04
-7.775080e-04
-7.775041e-04
-7.775003e-04
-7.774965e-04
-7.774927e-04
-7.774889e-04
-7.774852e-04
-7.774814e-04
-7.774777e-04
-7.774740e-04
-7.774704e-04
-7.774667e-04
-7.774631e-04
-7.774595e-04
-7.774558e-04
-7.774523e-04
-7.774487e-04
-7.774451e-04
-7.774416e-04
-7.774381e-04
-7.774346e-04
-7.774311e-04
-7.774277e-04
-7.774242e-04
-7.774208e-04
-7.774174e-04
-7.774140e-04
-7.774106e-04
-7.774072e-04
-7.774039e-04
-7.774006e-04
-7.773973e-04
-7.773940e-04
-7.773907e-04
-7.773874e-04
-7.773842e-04
-7.773810e-04
-7.773778e-04
-7.773746e-04
-7.773714e-04
-7.773682e-04
-7.773651e-04
-7.773619e-04
-7.773588e-04
-7.773557e-04
-1.149031e-03
-1.482559e-03
-1.763761e-03
-2.001342e-03
-2.202821e-03
-2.373902e-03
-2.519049e-03
-2.641893e-03
-2.745463e-03
-2.832338e-03
-2.904746e-03
-2.964622e-03
-2.852650e-03
-2.749600e-03
-2.662484e-03
-2.588287e-03
-2.524470e-03
-2.469240e-03
-2.421266e-03
-2.379534e-03
-2.343238e-03
-2.311702e-03
-2.284356e-03
-2.260709e-03
-2.240332e-03
-2.222864e-03
-2.207942e-03
-2.195275e-03
-2.184594e-03
-2.175680e-03
-2.168292e-03
-2.162243e-03
-2.157364e-03
-2.153500e-03
-2.150546e-03
-2.148339e-03
-2.146780e-03
-2.145777e-03
-2.145244e-03
-2.145148e-03
-2.145372e-03
-2.145872e-03
-2.146600e-03
-2.147516e-03
-2.148618e-03
-2.149844e-03
-2.151168e-03
-2.152573e-03
-2.154042e-03
-2.155566e-03
-2.157181e-03
-2.158836e-03
-2.160532e-03
-2.162270e-03
-2.164053e-03
-2.165889e-03
-2.167786e-03
-2.169838e-03
-2.171939e-03
-2.174132e-03
-2.176433e-03
-2.178857e-03
-2.181423e-03
-2.184147e-03
-2.187152e-03
-2.190314e-03
-2.193688e-03
-2.197299e-03
-2.201168e-03
-2.205318e-03
-2.209772e-03
-2.214629e-03
-2.219836e-03
-2.225415e-03
-2.231390e-03
-2.237787e-03
-2.244632e-03
-2.251950e-03
-2.259769e-03
-2.268114e-03
-2.277166e-03
-2.286732e-03
-2.296897e-03
-2.307695e-03
-2.319154e-03
-2.331303e-03
-2.344171e-03
-2.357787e-03
-2.372181e-03
-2.387555e-03
-2.403698e-03
-2.420703e-03
-2.438608e-03
-2.457446e-03
-2.477251e-03
-2.498059e-03
-2.519903e-03
-2.542821e-03
-2.566849e-03
-2.592243e-03
-2.618727e-03
-2.646432e-03
-2.675408e-03
-2.705701e-03
-2.737357e-03
-2.770425e-03
-2.804955e-03
-2.841000e-03
-2.878615e-03
-2.918026e-03
-2.959095e-03
-3.001913e-03
-3.046551e-03
-3.093083e-03
-3.141589e-03
-3.192148e-03
-3.244848e-03
-3.299782e-03
-3.357046e-03
-3.416748e-03
-3.479185e-03
-3.544267e-03
-3.612146e-03
-3.682967e-03
-3.756884e-03
-3.834062e-03
-3.914677e-03
-3.998924e-03
-4.087009e-03
-4.179159e-03
-4.275622e-03
-4.376886e-03
-4.483011e-03
-4.594343e-03
-4.711248e-03
-4.834124e-03
-4.963410e-03
-5.099593e-03
-5.243212e-03
-5.394868e-03
-5.555231e-03
-5.725055e-03
-5.905654e-03
-6.097330e-03
-6.301381e-03
-6.519063e-03
-6.751798e-03
-7.001218e-03
-7.269207e-03
-7.557951e-03
-7.870367e-03
-8.209110e-03
-8.577777e-03
-8.980634e-03
-9.422805e-03
-9.910505e-03
-1.045135e-02
-1.105535e-02
-1.173385e-02
-1.250213e-02
-1.337991e-02
-1.439327e-02
-1.557751e-02
-1.698321e-02
-1.867938e-02
-2.077313e-02
-2.343444e-02
-2.694860e-02
-3.184961e-02
-3.925826e-02
-5.181139e-02
-7.534923e-02
-1.142213e-01
-1.653461e-01
-2.361836e-01
-3.438018e-01
-4.750036e-01
-5.311588e-01
-4.773016e-01
-3.914228e-01
-3.148797e-01
-2.522725e-01
-2.008911e-01
-1.581215e-01
-1.222085e-01
-9.204323e-02
-6.689606e-02
-4.622204e-02
-2.954468e-02
-1.640912e-02
-6.359700e-03
1.044642e-03
6.230602e-03
9.593363e-03
1.149082e-02
1.224022e-02
1.211853e-02
1.136593e-02
1.019215e-02
8.779579e-03
7.291548e-03
5.858857e-03
4.595469e-03
3.561433e-03
2.766811e-03
2.166963e-03
1.676937e-03
1.206247e-03
6.651617e-04
2.492060e-05
-7.063761e-04
-1.501478e-03
-2.322771e-03
-3.120673e-03
-3.869063e-03
-4.548909e-03
-5.150592e-03
-5.671658e-03
-6.114424e-03
-6.482292e-03
-6.786736e-03
-7.032134e-03
-7.224320e-03
-7.374437e-03
-7.486120e-03
-7.564969e-03
-7.617579e-03
-7.647001e-03
-7.657068e-03
-7.652752e-03
-7.634073e-03
-7.604922e-03
-7.566204e-03
-7.519539e-03
-7.466278e-03
-7.408754e-03
-7.346008e-03
-7.279405e-03
-7.209666e-03
-7.138310e-03
-7.064318e-03
-6.988563e-03
-6.911433e-03
-6.833234e-03
-6.754843e-03
-6.675533e-03
-6.595762e-03
-6.515721e-03
-6.435562e-03
-6.355415e-03
-6.275394e-03
-6.195859e-03
-6.116560e-03
-6.037615e-03
-5.959099e-03
-5.881079e-03
-5.803614e-03
-5.726754e-03
-5.650544e-03
-5.575027e-03
-5.500238e-03
-5.426210e-03
-5.352972e-03
-5.280549e-03
-5.208965e-03
-5.138239e-03
-5.068391e-03
-4.999435e-03
-4.931441e-03
-4.864347e-03
-4.798171e-03
-4.732922e-03
-4.668608e-03
-4.605237e-03
-4.542813e-03
-4.481340e-03
-4.420820e-03
-4.361253e-03
-4.302640e-03
-4.244980e-03
-4.188270e-03
-4.132507e-03
-4.077688e-03
-4.023807e-03
-3.970860e-03
-3.918840e-03
-3.867741e-03
-3.817555e-03
-3.768274e-03
-3.719960e-03
-3.672507e-03
-3.625932e-03
-3.580225e-03
-3.535378e-03
-3.491380e-03
-3.448221e-03
-3.405890e-03
-3.364376e-03
-3.323669e-03
-3.283757e-03
-3.244628e-03
-3.206271e-03
-3.168675e-03
-3.131827e-03
-3.095717e-03
-3.060331e-03
-3.025659e-03
-2.991688e-03
-2.958408e-03
-2.925804e-03
-2.893867e-03
-2.862585e-03
-2.831945e-03
-2.801935e-03
-2.772546e-03
-2.743764e-03
-2.715579e-03
-2.687980e-03
-2.660954e-03
-2.634492e-03
-2.608582e-03
-2.583320e-03
-2.558575e-03
-2.534342e-03
-2.510613e-03
-2.487378e-03
-2.464628e-03
-2.442354e-03
-2.420547e-03
-2.399197e-03
-2.378294e-03
-2.357831e-03
-2.337798e-03
-2.318187e-03
-2.298987e-03
-2.280192e-03
-2.261792e-03
-2.243779e-03
-2.226145e-03
-2.208883e-03
-2.191983e-03
-2.175438e-03
-2.159242e-03
-2.143385e-03
-2.127862e-03
-2.112664e-03
-2.097932e-03
-2.083471e-03
-2.069304e-03
-2.055428e-03
-2.041838e-03
-2.028528e-03
-2.015494e-03
-2.002730e-03
-1.990229e-03
-1.977988e-03
-1.965999e-03
-1.954258e-03
-1.942761e-03
-1.931500e-03
-1.920473e-03
-1.909672e-03
-1.899095e-03
-1.888736e-03
-1.878590e-03
-1.868653e-03
-1.858920e-03
-1.849387e-03
-1.840050e-03
-1.830904e-03
-1.822071e-03
-1.813409e-03
-1.804916e-03
-1.796591e-03
-1.788431e-03
-1.780433e-03
-1.772596e-03
-1.764915e-03
-1.757389e-03
-1.750014e-03
-1.742787e-03
-1.735706e-03
-1.728768e-03
-1.721969e-03
-1.715307e-03
-1.708780e-03
-1.702385e-03
-1.696118e-03
-1.689979e-03
-1.683963e-03
-1.678069e-03
-1.672294e-03
-1.666635e-03
-1.661092e-03
-1.655660e-03
-1.650478e-03
-1.645379e-03
-1.640375e-03
-1.635466e-03
-1.630653e-03
-1.625933e-03
-1.621307e-03
-1.616772e-03
-1.612328e-03
-1.607972e-03
-1.603705e-03
-1.599524e-03
-1.595427e-03
-1.591414e-03
-1.587483e-03
-1.583633e-03
-1.579862e-03
-1.576169e-03
-1.572553e-03
-1.569012e-03
-1.565546e-03
-1.562152e-03
-1.558830e-03
-1.555578e-03
-1.552396e-03
-1.549282e-03
-1.546369e-03
-1.543503e-03
-1.540691e-03
-1.537935e-03
-1.535234e-03
-1.532590e-03
-1.530002e-03
-1.527470e-03
-1.524992e-03
-1.522570e-03
-1.520201e-03
-1.517887e-03
-1.515625e-03
-1.513416e-03
-1.511259e-03
-1.509153e-03
-1.507097e-03
-1.505092e-03
-1.503136e-03
-1.501229e-03
-1.499370e-03
-1.497559e-03
-1.495795e-03
-1.494077e-03
-1.492406e-03
-1.490780e-03
-1.489198e-03
-1.487661e-03
-1.486357e-03
-1.485019e-03
-1.483710e-03
-1.482437e-03
-1.481199e-03
-1.479998e-03
-1.478834e-03
-1.477706e-03
-1.476616e-03
-1.475562e-03
-1.474545e-03
-1.473564e-03
-1.472620e-03
-1.471712e-03
-1.470840e-03
-1.470004e-03
-1.469203e-03
-1.468439e-03
-1.467709e-03
-1.467015e-03
-1.466355e-03
-1.465730e-03
-1.465140e-03
-1.464584e-03
-1.464061e-03
-1.463573e-03
-1.463118e-03
-1.462697e-03
-1.462308e-03
-1.462093e-03
-1.461881e-03
-1.461690e-03
-1.461524e-03
-1.461385e-03
-1.461272e-03
-1.461187e-03
-1.461130e-03
-1.461101e-03
-1.461100e-03
-1.461129e-03
-1.461186e-03
-1.461272e-03
-1.461387e-03
-1.461531e-03
-1.461705e-03
-1.461907e-03
-1.462139e-03
-1.462400e-03
-1.462690e-03
-1.463010e-03
-1.463358e-03
-1.463736e-03
-1.464142e-03
-1.464578e-03
-1.465043e-03
-1.465536e-03
-1.466059e-03
-1.466610e-03
-1.467191e-03
-1.467799e-03
-1.468437e-03
-1.469255e-03
-1.470054e-03
-1.470870e-03
-1.471707e-03
-1.472568e-03
-1.473453e-03
-1.474363e-03
-1.475297e-03
-1.476257e-03
-1.477242e-03
-1.478254e-03
-1.479291e-03
-1.480356e-03
-1.481446e-03
-1.482564e-03
-1.483708e-03
-1.484879e-03
-1.486078e-03
-1.487303e-03
-1.488556e-03
-1.489836e-03
-1.491143e-03
-1.492478e-03
-1.493840e-03
-1.495229e-03
-1.496646e-03
-1.498090e-03
-1.499562e-03
-1.501061e-03
-1.502587e-03
-1.504141e-03
-1.505722e-03
-1.507330e-03
-1.508965e-03
-1.510628e-03
-1.512437e-03
-1.514250e-03
-1.516082e-03
-1.517934e-03
-1.519808e-03
-1.521705e-03
-1.523626e-03
-1.525571e-03
-1.527541e-03
-1.529535e-03
-1.531554e-03
-1.533599e-03
-1.535669e-03
-1.537765e-03
-1.539886e-03
-1.542034e-03
-1.544207e-03
-1.546406e-03
-1.548632e-03
-1.550883e-03
-1.553161e-03
-1.555465e-03
-1.557795e-03
-1.560151e-03
-1.562534e-03
-1.564942e-03
-1.567377e-03
-1.569838e-03
-1.572325e-03
-1.574838e-03
-1.577376e-03
-1.579941e-03
-1.582532e-03
-1.585148e-03
-1.587790e-03
-1.590457e-03
-1.593150e-03
-1.595868e-03
-1.598612e-03
-1.601380e-03
-1.604266e-03
-1.607169e-03
-1.610091e-03
-1.613032e-03
-1.615994e-03
-1.618977e-03
-1.621981e-03
-1.625008e-03
-1.628057e-03
-1.631129e-03
-1.634224e-03
-1.637341e-03
-1.640481e-03
-1.643645e-03
-1.646832e-03
-1.650042e-03
-1.653274e-03
-1.656531e-03
-1.659810e-03
-1.663112e-03
-1.666437e-03
-1.669785e-03
-1.673156e-03
-1.676550e-03
-1.679967e-03
-1.683406e-03
-1.686867e-03
-1.690351e-03
-1.693857e-03
-1.697385e-03
-1.700935e-03
-1.704507e-03
-1.708100e-03
-1.711715e-03
-1.715351e-03
-1.719009e-03
-1.722687e-03
-1.726386e-03
-1.730106e-03
-1.733846e-03
-1.737606e-03
-1.741386e-03
-1.745186e-03
-1.749006e-03
-1.752845e-03
-1.756704e-03
-1.760581e-03
-1.764477e-03
-1.768472e-03
-1.772475e-03
-1.776491e-03
-1.780520e-03
-1.784565e-03
-1.788625e-03
-1.792700e-03
-1.796791e-03
-1.800898e-03
-1.805021e-03
-1.809160e-03
-1.813315e-03
-1.817485e-03
-1.821672e-03
-1.825874e-03
-1.830091e-03
-1.834325e-03
-1.838573e-03
-1.842837e-03
-1.847116e-03
-1.851410e-03
-1.855718e-03
-1.860041e-03
-1.864379e-03
-1.868730e-03
-1.873096e-03
-1.877475e-03
-1.881868e-03
-1.886274e-03
-1.890693e-03
-1.895125e-03
-1.899570e-03
-1.904027e-03
-1.908496e-03
-1.912977e-03
-1.917469e-03
-1.921973e-03
-1.926488e-03
-1.931014e-03
-1.935550e-03
-1.940097e-03
-1.944654e-03
-1.949220e-03
-1.953796e-03
-1.958381e-03
-1.962975e-03
-1.967578e-03
-1.972189e-03
-1.976808e-03
-1.981435e-03
-1.986069e-03
-1.990710e-03
-1.995358e-03
-2.000013e-03
-2.004674e-03
-2.009341e-03
-2.014013e-03
-2.018691e-03
-2.023374e-03
-2.028061e-03
-2.032753e-03
-2.037449e-03
-2.042214e-03
-2.046968e-03
-2.051722e-03
-2.056476e-03
-2.061231e-03
-2.065988e-03
-2.070745e-03
-2.075504e-03
-2.080264e-03
-2.085025e-03
-2.089787e-03
-2.094549e-03
-2.099312e-03
-2.104075e-03
-2.108839e-03
-2.113602e-03
-2.118365e-03
-2.123128e-03
-2.127890e-03
-2.132650e-03
-2.137410e-03
-2.142168e-03
-2.146924e-03
-2.151677e-03
-2.156429e-03
-2.161178e-03
-2.165923e-03
-2.170666e-03
-2.175405e-03
-2.180140e-03
-2.184870e-03
-2.189597e-03
-2.194318e-03
-2.199034e-03
-2.203745e-03
-2.208450e-03
-2.213149e-03
-2.217842e-03
-2.222527e-03
-2.227206e-03
-2.231877e-03
-2.236541e-03
-2.241196e-03
-2.245843e-03
-2.250481e-03
-2.255110e-03
-2.259730e-03
-2.264339e-03
-2.268939e-03
-2.273528e-03
-2.278106e-03
-2.282673e-03
-2.287228e-03
-2.291772e-03
-2.296303e-03
-2.300821e-03
-2.305327e-03
-2.309819e-03
-2.314297e-03
-2.318761e-03
-2.323211e-03
-2.327646e-03
-2.332066e-03
-2.336470e-03
-2.340859e-03
-2.345231e-03
-2.349586e-03
-2.353925e-03
-2.358246e-03
-2.362549e-03
-2.366834e-03
-2.371100e-03
-2.375348e-03
-2.379576e-03
-2.383785e-03
-2.387974e-03
-2.392142e-03
-2.396289e-03
-2.400416e-03
-2.404520e-03
-2.408603e-03
-2.412664e-03
-2.416701e-03
-2.420716e-03
-2.424707e-03
-2.428674e-03
-2.432617e-03
-2.436536e-03
-2.440429e-03
-2.444297e-03
-2.448139e-03
-2.451955e-03
-2.455744e-03
-2.459506e-03
-2.463241e-03
-2.466948e-03
-2.470627e-03
-2.474277e-03
-2.477898e-03
-2.481526e-03
-2.485112e-03
-2.488666e-03
-2.492188e-03
-2.495679e-03
-2.499139e-03
-2.502567e-03
-2.505962e-03
-2.509326e-03
-2.512657e-03
-2.515954e-03
-2.519219e-03
-2.522449e-03
-2.525646e-03
-2.528809e-03
-2.531936e-03
-2.535029e-03
-2.538086e-03
-2.541108e-03
-2.544093e-03
-2.547042e-03
-2.549954e-03
-2.552828e-03
-2.555666e-03
-2.558465e-03
-2.561225e-03
-2.563947e-03
-2.566630e-03
-2.569273e-03
-2.571876e-03
-2.574439e-03
-2.576961e-03
-2.579442e-03
-2.581881e-03
-2.584279e-03
-2.586634e-03
-2.588947e-03
-2.591217e-03
-2.593443e-03
-2.595626e-03
-2.597764e-03
-2.599857e-03
-2.601906e-03
-2.603910e-03
-2.605867e-03
-2.607779e-03
-2.609644e-03
-2.611462e-03
-2.613233e-03
-2.614956e-03
-2.616631e-03
-2.618258e-03
-2.619836e-03
-2.621365e-03
-2.622845e-03
-2.624275e-03
-2.625654e-03
-2.626983e-03
-2.628261e-03
-2.629488e-03
-2.630663e-03
-2.631787e-03
-2.632858e-03
-2.633876e-03
-2.634841e-03
-2.635754e-03
-2.636612e-03
-2.637417e-03
-2.638167e-03
-2.638863e-03
-2.639504e-03
-2.640090e-03
-2.640620e-03
-2.641094e-03
-2.641513e-03
-2.641875e-03
-2.642181e-03
-2.642429e-03
-2.642621e-03
-2.642755e-03
-2.642831e-03
-2.642850e-03
-2.642810e-03
-2.642712e-03
-2.642555e-03
-2.642340e-03
-2.642065e-03
-2.641731e-03
-2.641338e-03
-2.640885e-03
-2.640372e-03
-2.639799e-03
-2.639166e-03
-2.638472e-03
-2.637718e-03
-2.636904e-03
-2.636028e-03
-2.635092e-03
-2.634094e-03
-2.633036e-03
-2.631916e-03
-2.630734e-03
-2.629492e-03
-2.628188e-03
-2.626822e-03
-2.625394e-03
-2.623905e-03
-2.622355e-03
-2.620742e-03
-2.619068e-03
-2.617332e-03
-2.615534e-03
-2.613675e-03
-2.611754e-03
-2.609771e-03
-2.607726e-03
-2.605620e-03
-2.603453e-03
-2.601224e-03
-2.598934e-03
-2.596583e-03
-2.594171e-03
-2.591698e-03
-2.589164e-03
-2.586569e-03
-2.583914e-03
-2.581199e-03
-2.578423e-03
-2.575588e-03
-2.572693e-03
-2.569738e-03
-2.566725e-03
-2.563652e-03
-2.560521e-03
-2.557331e-03
-2.554083e-03
-2.550778e-03
-2.547414e-03
-2.543994e-03
-2.540517e-03
-2.536983e-03
-2.533393e-03
-2.529747e-03
-2.526046e-03
-2.522290e-03
-2.518479e-03
-2.514614e-03
-2.510696e-03
-2.506724e-03
-2.502699e-03
-2.498622e-03
-2.494493e-03
-2.490312e-03
-2.486081e-03
-2.481799e-03
-2.477468e-03
-2.473086e-03
-2.468657e-03
-2.464178e-03
-2.459653e-03
-2.455080e-03
-2.450460e-03
-2.445795e-03
-2.441084e-03
-2.436328e-03
-2.431528e-03
-2.426685e-03
-2.421799e-03
-2.416870e-03
-2.411941e-03
-2.406954e-03
-2.401926e-03
-2.396858e-03
-2.391751e-03
-2.386606e-03
-2.381424e-03
-2.376205e-03
-2.370951e-03
-2.365662e-03
-2.360339e-03
-2.354983e-03
-2.349594e-03
-2.344174e-03
-2.338723e-03
-2.333241e-03
-2.327731e-03
-2.322191e-03
-2.316624e-03
-2.311030e-03
-2.305410e-03
-2.299765e-03
-2.294094e-03
-2.288400e-03
-2.282683e-03
-2.276944e-03
-2.271183e-03
-2.265401e-03
-2.259600e-03
-2.253779e-03
-2.247940e-03
-2.242083e-03
-2.236209e-03
-2.230319e-03
-2.224414e-03
-2.218494e-03
-2.212561e-03
-2.206614e-03
-2.200655e-03
-2.194684e-03
-2.188703e-03
-2.182711e-03
-2.176710e-03
-2.170701e-03
-2.164683e-03
-2.158659e-03
-2.152628e-03
-2.146591e-03
-2.140549e-03
-2.134502e-03
-2.128452e-03
-2.122399e-03
-2.116344e-03
-2.110287e-03
-2.104229e-03
-2.098171e-03
-2.092113e-03
-2.086056e-03
-2.080001e-03
-2.073947e-03
-2.067897e-03
-2.061850e-03
-2.055808e-03
-2.049770e-03
-2.043737e-03
-2.037710e-03
-2.031690e-03
-2.025677e-03
-2.019671e-03
-2.013673e-03
-2.007684e-03
-2.001704e-03
-1.995734e-03
-1.989775e-03
-1.983826e-03
-1.977888e-03
-1.971962e-03
-1.966048e-03
-1.960147e-03
-1.954259e-03
-1.948384e-03
-1.942524e-03
-1.936678e-03
-1.930847e-03
-1.925031e-03
-1.919232e-03
-1.913448e-03
-1.907681e-03
-1.901931e-03
-1.896198e-03
-1.890527e-03
-1.884870e-03
-1.879228e-03
-1.873603e-03
-1.867995e-03
-1.862407e-03
-1.856837e-03
-1.851287e-03
-1.845757e-03
-1.840248e-03
-1.834759e-03
-1.829291e-03
-1.823845e-03
-1.818421e-03
-1.813019e-03
-1.807640e-03
-1.802283e-03
-1.796949e-03
-1.791639e-03
-1.786352e-03
-1.781089e-03
-1.775849e-03
-1.770634e-03
-1.765443e-03
-1.760277e-03
-1.755135e-03
-1.750018e-03
-1.744926e-03
-1.739859e-03
-1.734818e-03
-1.729801e-03
-1.724811e-03
-1.719845e-03
-1.714906e-03
-1.709992e-03
-1.705104e-03
-1.700242e-03
-1.695406e-03
-1.690596e-03
-1.685813e-03
-1.681055e-03
-1.676324e-03
-1.671619e-03
-1.666940e-03
-1.662287e-03
-1.657661e-03
-1.653061e-03
-1.648488e-03
-1.643940e-03
-1.639420e-03
-1.634925e-03
-1.630457e-03
-1.626015e-03
-1.621600e-03
-1.617210e-03
-1.612847e-03
-1.608511e-03
-1.604200e-03
-1.599916e-03
-1.595657e-03
-1.591425e-03
-1.587219e-03
-1.583038e-03
-1.578884e-03
-1.574755e-03
-1.570652e-03
-1.566575e-03
-1.562523e-03
-1.558497e-03
-1.554574e-03
-1.550637e-03
-1.546720e-03
-1.542827e-03
-1.538958e-03
-1.535113e-03
-1.531293e-03
-1.527496e-03
-1.523724e-03
-1.519976e-03
-1.516253e-03
-1.512554e-03
-1.508879e-03
-1.505228e-03
-1.501601e-03
-1.497998e-03
-1.494420e-03
-1.490865e-03
-1.487335e-03
-1.483828e-03
-1.480344e-03
-1.476885e-03
-1.473449e-03
-1.470036e-03
-1.466647e-03
-1.463281e-03
-1.459938e-03
-1.456618e-03
-1.453321e-03
-1.450047e-03
-1.446795e-03
-1.443566e-03
-1.440359e-03
-1.437175e-03
-1.434013e-03
-1.430872e-03
-1.427754e-03
-1.424657e-03
-1.421582e-03
-1.418529e-03
-1.415497e-03
-1.412486e-03
-1.409496e-03
-1.406527e-03
-1.403579e-03
-1.400651e-03
-1.397744e-03
-1.394858e-03
-1.391992e-03
-1.389146e-03
-1.386320e-03
-1.383513e-03
-1.380727e-03
-1.377960e-03
-1.375212e-03
-1.372484e-03
-1.369775e-03
-1.367085e-03
-1.364414e-03
-1.361762e-03
-1.359128e-03
-1.356513e-03
-1.353916e-03
-1.351337e-03
-1.348777e-03
-1.346234e-03
-1.343709e-03
-1.341266e-03
-1.338810e-03
-1.336367e-03
-1.333939e-03
-1.331528e-03
-1.329132e-03
-1.326753e-03
-1.324389e-03
-1.322041e-03
