-2.868892e-04
-2.868892e-04
-6.718457e-04
-7.068830e-04
-7.223961e-04
-7.334254e-04
-7.422090e-04
-7.494974e-04
-7.556980e-04
-7.610668e-04
-7.657734e-04
-7.699349e-04
-7.736353e-04
-7.769378e-04
-7.798917e-04
-7.825369e-04
-7.849065e-04
-7.870292e-04
-7.889296e-04
-7.906296e-04
-7.921487e-04
-7.935041e-04
-7.947116e-04
-7.957853e-04
-7.967379e-04
-7.975809e-04
-7.983249e-04
-7.989793e-04
-7.995527e-04
-8.000528e-04
-8.004868e-04
-8.008609e-04
-8.011812e-04
-8.014527e-04
-8.016802e-04
-8.018682e-04
-8.020205e-04
-8.021406e-04
-8.022318e-04
-8.022970e-04
-8.023389e-04
-8.023598e-04
-8.023619e-04
-8.023471e-04
-8.023174e-04
-8.022741e-04
-8.022189e-04
-8.021531e-04
-8.020777e-04
-8.019939e-04
-8.019028e-04
-8.018050e-04
-8.017015e-04
-8.015930e-04
-8.014800e-04
-8.013633e-04
-8.012432e-04
-8.011204e-04
-8.009951e-04
-8.008679e-04
-8.007390e-04
-8.006087e-04
-8.004774e-04
-8.003452e-04
-8.002124e-04
-8.000793e-04
-7.999459e-04
-7.998124e-04
-7.996790e-04
-7.995458e-04
-7.994129e-04
-7.992804e-04
-7.991484e-04
-7.990170e-04
-7.988862e-04
-7.987561e-04
-7.986267e-04
-7.984982e-04
-7.983704e-04
-7.982435e-04
-7.981175e-04
-7.979924e-04
-7.978682e-04
-7.977450e-04
-7.976227e-04
-7.975013e-04
-7.973809e-04
-7.972615e-04
-7.971431e-04
-7.970256e-04
-7.969091e-04
-7.967935e-04
-7.966789e-04
-7.965653e-04
-7.964526e-04
-7.963409e-04
-7.962300e-04
-7.961201e-04
-7.960112e-04
-7.959031e-04
-7.957959e-04
-7.956896e-04
-7.955842e-04
-7.954796e-04
-7.953759e-04
-7.952730e-04
-7.951710e-04
-7.950698e-04
-7.949693e-04
-7.948697e-04
-7.947709e-04
-7.946728e-04
-7.945756e-04
-7.944790e-04
-7.943832e-04
-7.942882e-04
-7.941938e-04
-7.941002e-04
-7.940073e-04
-7.939150e-04
-7.938235e-04
-7.937326e-04
-7.936424e-04
-7.935528e-04
-7.934639e-04
-7.933757e-04
-7.932880e-04
-7.932010e-04
-7.931145e-04
-7.930287e-04
-7.929435e-04
-7.928588e-04
-7.927748e-04
-7.926913e-04
-7.926083e-04
-7.925260e-04
-7.924441e-04
-7.923628e-04
-7.922821e-04
-7.922018e-04
-7.921221e-04
-7.920429e-04
-7.919642e-04
-7.918860e-04
-7.918083e-04
-7.917311e-04
-7.916544e-04
-7.915781e-04
-7.915024e-04
-7.914270e-04
-7.913522e-04
-7.912778e-04
-7.912039e-04
-7.911304e-04
-7.910573e-04
-7.909847e-04
-7.909125e-04
-7.908407e-04
-7.907694e-04
-7.906984e-04
-7.906279e-04
-7.905578e-04
-7.904881e-04
-7.904188e-04
-7.903499e-04
-7.902814e-04
-7.902132e-04
-7.901455e-04
-7.900781e-04
-7.900111e-04
-7.899445e-04
-7.898783e-04
-7.898124e-04
-7.897469e-04
-7.896817e-04
-7.896169e-04
-7.895525e-04
-7.894884e-04
-7.894246e-04
-7.893612e-04
-7.892982e-04
-7.892354e-04
-7.891730e-04
-7.891110e-04
-7.890493e-04
-7.889878e-04
-7.889268e-04
-7.888660e-04
-7.888056e-04
-7.887455e-04
-7.886856e-04
-7.886261e-04
-7.885670e-04
-7.885081e-04
-7.884495e-04
-7.883912e-04
-7.883333e-04
-7.882756e-04
-7.882182e-04
-7.881611e-04
-7.881043e-04
-7.880478e-04
-7.879916e-04
-7.879356e-04
-7.878800e-04
-7.878246e-04
-7.877695e-04
-7.877147e-04
-7.876602e-04
-7.876059e-04
-7.875519e-04
-7.874982e-04
-7.874447e-04
-7.873915e-04
-7.873386e-04
-7.872859e-04
-7.872335e-04
-7.871813e-04
-7.871295e-04
-7.870778e-04
-7.870264e-04
-7.869753e-04
-7.869244e-04
-7.868738e-04
-7.868234e-04
-7.867733e-04
-7.867234e-04
-7.866738e-04
-7.866244e-04
-7.865752e-04
-7.865263e-04
-7.864776e-04
-7.864292e-04
-7.863809e-04
-7.863330e-04
-7.862852e-04
-7.862377e-04
-7.861904e-04
-7.861433e-04
-7.860965e-04
-7.860499e-04
-7.860035e-04
-7.859574e-04
-7.859114e-04
-7.858657e-04
-7.858202e-04
-7.857749e-04
-7.857299e-04
-7.856850e-04
-7.856404e-04
-7.855960e-04
-7.855518e-04
-7.855078e-04
-7.854640e-04
-7.854204e-04
-7.853771e-04
-7.853339e-04
-7.852910e-04
-7.852482e-04
-7.852057e-04
-7.851633e-04
-7.851212e-04
-7.850792e-04
-7.850375e-04
-7.849960e-04
-7.849546e-04
-7.849135e-04
-7.848725e-04
-7.848317e-04
-7.847912e-04
-7.847508e-04
-7.847106e-04
-7.846706e-04
-7.846308e-04
-7.845912e-04
-7.845518e-04
-7.845125e-04
-7.844735e-04
-7.844346e-04
-7.843959e-04
-7.843574e-04
-7.843191e-04
-7.842810e-04
-7.842430e-04
-7.842052e-04
-7.841676e-04
-7.841302e-04
-7.840929e-04
-7.840559e-04
-7.840190e-04
-7.839822e-04
-7.839457e-04
-7.839093e-04
-7.838731e-04
-7.838370e-04
-7.838012e-04
-7.837655e-04
-7.837299e-04
-7.836946e-04
-7.836594e-04
-7.836244e-04
-7.835895e-04
-7.835548e-04
-7.835202e-04
-7.834859e-04
-7.834517e-04
-7.834176e-04
-7.833837e-04
-7.833500e-04
-7.833164e-04
-7.832830e-04
-7.832497e-04
-7.832166e-04
-7.831837e-04
-7.831509e-04
-7.831182e-04
-7.830857e-04
-7.830534e-04
-7.830212e-04
-7.829892e-04
-7.829573e-04
-7.829256e-04
-7.828940e-04
-7.828626e-04
-7.828313e-04
-7.828002e-04
-7.827692e-04
-7.827383e-04
-7.827076e-04
-7.826771e-04
-7.826467e-04
-7.826164e-04
-7.825863e-04
-7.825563e-04
-7.825264e-04
-7.824967e-04
-7.824672e-04
-7.824378e-04
-7.824085e-04
-7.823793e-04
-7.823503e-04
-7.823214e-04
-7.822927e-04
-7.822641e-04
-7.822356e-04
-7.822073e-04
-7.821791e-04
-7.821510e-04
-7.821231e-04
-7.820953e-04
-7.820676e-04
-7.820401e-04
-7.820127e-04
-7.819854e-04
-7.819582e-04
-7.819312e-04
-7.819043e-04
-7.818775e-04
-7.818509e-04
-7.818243e-04
-7.817979e-04
-7.817717e-04
-7.817455e-04
-7.817195e-04
-7.816936e-04
-7.816678e-04
-7.816421e-04
-7.816166e-04
-7.815912e-04
-7.815659e-04
-7.815407e-04
-7.815156e-04
-7.814907e-04
-7.814659e-04
-7.814411e-04
-7.814166e-04
-7.813921e-04
-7.813677e-04
-7.813435e-04
-7.813193e-04
-7.812953e-04
-7.812714e-04
-7.812476e-04
-7.812239e-04
-7.812004e-04
-7.811769e-04
-7.811536e-04
-7.811303e-04
-7.811072e-04
-7.810842e-04
-7.810613e-04
-7.810385e-04
-7.810158e-04
-7.809932e-04
-7.809707e-04
-7.809483e-04
-7.809261e-04
-7.809039e-04
-7.808819e-04
-7.808599e-04
-7.808380e-04
-7.808163e-04
-7.807947e-04
-7.807731e-04
-7.807517e-04
-7.807303e-04
-7.807091e-04
-7.806880e-04
-7.806669e-04
-7.806460e-04
-7.806251e-04
-7.806044e-04
-7.805838e-04
-7.805632e-04
-7.805428e-04
-7.805224e-04
-7.805022e-04
-7.804820e-04
-7.804620e-04
-7.804420e-04
-7.804221e-04
-7.804023e-04
-7.803826e-04
-7.803631e-04
-7.803436e-04
-7.803241e-04
-7.803048e-04
-7.802856e-04
-7.802665e-04
-7.802474e-04
-7.802285e-04
-7.802096e-04
-7.801909e-04
-7.801722e-04
-7.801536e-04
-7.801351e-04
-7.801166e-04
-7.800983e-04
-7.800801e-04
-7.800619e-04
-7.800438e-04
-7.800259e-04
-7.800080e-04
-7.799901e-04
-7.799724e-04
-7.799548e-04
-7.799372e-04
-7.799197e-04
-7.799023e-04
-7.798850e-04
-7.798678e-04
-7.798506e-04
-7.798336e-04
-7.798166e-04
-7.797997e-04
-7.797828e-04
-7.797661e-04
-7.797494e-04
-7.797328e-04
-7.797163e-04
-7.796999e-04
-7.796836e-04
-7.796673e-04
-7.796511e-04
-7.796350e-04
-7.796189e-04
-7.796030e-04
-7.795871e-04
-7.795713e-04
-7.795555e-04
-7.795399e-04
-7.795243e-04
-7.795087e-04
-7.794933e-04
-7.794779e-04
-7.794626e-04
-7.794474e-04
-7.794323e-04
-7.794172e-04
-7.794022e-04
-7.793873e-04
-7.793724e-04
-7.793576e-04
-7.793429e-04
-7.793282e-04
-7.793137e-04
-7.792991e-04
-7.792847e-04
-7.792703e-04
-7.792560e-04
-7.792418e-04
-7.792276e-04
-7.792135e-04
-7.791995e-04
-7.791855e-04
-7.791716e-04
-7.791578e-04
-7.791440e-04
-7.791303e-04
-7.791167e-04
-7.791031e-04
-7.790896e-04
-7.790762e-04
-7.790628e-04
-7.790495e-04
-7.790362e-04
-7.790230e-04
-7.790099e-04
-7.789968e-04
-7.789839e-04
-7.789709e-04
-7.789580e-04
-7.789452e-04
-7.789325e-04
-7.789198e-04
-7.789072e-04
-7.788946e-04
-7.788821e-04
-7.788696e-04
-7.788572e-04
-7.788449e-04
-7.788326e-04
-7.788204e-04
-7.788083e-04
-7.787962e-04
-7.787841e-04
-7.787722e-04
-7.787602e-04
-7.787484e-04
-7.787366e-04
-7.787248e-04
-7.787131e-04
-7.787015e-04
-7.786899e-04
-7.786784e-04
-7.786669e-04
-7.786555e-04
-7.786441e-04
-7.786328e-04
-7.786216e-04
-7.786104e-04
-7.785992e-04
-7.785881e-04
-7.785771e-04
-7.785661e-04
-7.785552e-04
-7.785443e-04
-7.785335e-04
-7.785227e-04
-7.785120e-04
-7.785013e-04
-7.784907e-04
-7.784801e-04
-7.784696e-04
-7.784591e-04
-7.784487e-04
-7.784383e-04
-7.784280e-04
-7.784177e-04
-7.784075e-04
-7.783973e-04
-7.783872e-04
-7.783772e-04
-7.783671e-04
-7.783572e-04
-7.783472e-04
-7.783373e-04
-7.783275e-04
-7.783177e-04
-7.783080e-04
-7.782983e-04
-7.782887e-04
-7.782791e-04
-7.782695e-04
-7.782600e-04
-7.782505e-04
-7.782411e-04
-7.782318e-04
-7.782224e-04
-7.782132e-04
-7.782039e-04
-7.781947e-04
-7.781856e-04
-7.781765e-04
-7.781674e-04
-7.781584e-04
-7.781495e-04
-7.781405e-04
-7.781316e-04
-7.781228e-04
-7.781140e-04
-7.781053e-04
-7.780965e-04
-7.780879e-04
-7.780792e-04
-7.780707e-04
-7.780621e-04
-7.780536e-04
-7.780451e-04
-7.780367e-04
-7.780283e-04
-7.780200e-04
-7.780117e-04
-7.780034e-04
-7.779952e-04
-7.779870e-04
-7.779789e-04
-7.779708e-04
-7.779627e-04
-7.779547e-04
-7.779467e-04
-7.779388e-04
-7.779309e-04
-7.779230e-04
-7.779152e-04
-7.779074e-04
-7.778996e-04
-7.778919e-04
-7.778842e-04
-7.778766e-04
-7.778690e-04
-7.778614e-04
-7.778539e-04
-7.778464e-04
-7.778389e-04
-7.778315e-04
-7.778241e-04
-7.778168e-04
-7.778095e-04
-7.778022e-04
-7.777949e-04
-7.777877e-04
-7.777806e-04
-7.777734e-04
-7.777663e-04
-7.777592e-04
-7.777522e-04
-7.777452e-04
-7.777382e-04
-7.777313e-04
-7.777244e-04
-7.777175e-04
-7.777107e-04
-7.777039e-04
-7.776971e-04
-7.776904e-04
-7.776837e-04
-7.776770e-04
-7.776704e-04
-7.776638e-04
-7.776572e-04
-7.776507e-04
-7.776442e-04
-7.776377e-04
-7.776313e-04
-7.776249e-04
-7.776185e-04
-7.776121e-04
-7.776058e-04
-7.775995e-04
-7.775933e-04
-7.775870e-04
-7.775808e-04
-7.775747e-04
-7.775685e-04
-7.775624e-04
-7.775564e-04
-7.775503e-04
-7.775443e-04
-7.775383e-04
-7.775323e-04
-7.775264e-04
-7.775205e-04
-7.775146e-04
-7.775088e-04
-7.775030e-04
-7.774972e-04
-7.774914e-04
-7.774857e-04
-7.774800e-04
-7.774743e-04
-7.774687e-04
-7.774631e-04
-7.774575e-04
-7.774519e-04
-7.774464e-04
-7.774409e-04
-7.774354e-04
-7.774299e-04
-7.774245e-04
-7.774191e-04
-7.774137e-04
-7.774084e-04
-7.774031e-04
-7.773978e-04
-7.773925e-04
-7.773872e-04
-7.773820e-04
-7.773768e-04
-7.773717e-04
-7.773665e-04
-7.773614e-04
-7.773563e-04
-7.773512e-04
-7.773462e-04
-7.773412e-04
-7.773362e-04
-7.773312e-04
-7.773263e-04
-7.773214e-04
-7.773165e-04
-7.773116e-04
-7.773067e-04
-7.773019e-04
-7.772971e-04
-7.772923e-04
-7.772876e-04
-7.772829e-04
-7.772781e-04
-7.772735e-04
-7.772688e-04
-7.772642e-04
-7.772596e-04
-7.772550e-04
-7.772504e-04
-7.772458e-04
-7.772413e-04
-7.772368e-04
-7.772323e-04
-7.772279e-04
-7.772234e-04
-7.772190e-04
-7.772146e-04
-7.772103e-04
-7.772059e-04
-7.772016e-04
-7.771973e-04
-7.771930e-04
-7.771887e-04
-7.771845e-04
-7.771803e-04
-7.771761e-04
-7.771719e-04
-7.771677e-04
-7.771636e-04
-7.771595e-04
-7.771554e-04
-7.771513e-04
-7.771473e-04
-7.771432e-04
-7.771392e-04
-7.771352e-04
-7.771312e-04
-7.771273e-04
-7.771233e-04
-7.771194e-04
-7.771155e-04
-7.771116e-04
-7.771078e-04
-7.771039e-04
-7.771001e-04
-7.770963e-04
-7.770925e-04
-7.770887e-04
-7.770850e-04
-7.770813e-04
-7.770776e-04
-7.770739e-04
-7.770702e-04
-7.770665e-04
-7.770629e-04
-7.770593e-04
-7.770557e-04
-7.770521e-04
-7.770485e-04
-7.770450e-04
-7.770415e-04
-7.770379e-04
-7.770345e-04
-7.770310e-04
-7.770275e-04
-7.770241e-04
-7.770206e-04
-7.770172e-04
-7.770138e-04
-7.770105e-04
-7.770071e-04
-7.770038e-04
-7.770004e-04
-7.769971e-04
-7.769938e-04
-7.769906e-04
-7.769873e-04
-7.769841e-04
-7.769808e-04
-7.769776e-04
-7.769744e-04
-7.769713e-04
-7.769681e-04
-7.769650e-04
-7.769618e-04
-7.769587e-04
-7.769556e-04
-1.148440e-03
-1.481796e-03
-1.762853e-03
-2.000312e-03
-2.201688e-03
-2.372680e-03
-2.517753e-03
-2.640533e-03
-2.744050e-03
-2.830880e-03
-2.903251e-03
-2.963096e-03
-2.851181e-03
-2.748185e-03
-2.661114e-03
-2.586955e-03
-2.523171e-03
-2.467969e-03
-2.420019e-03
-2.378309e-03
-2.342032e-03
-2.310512e-03
-2.283180e-03
-2.259545e-03
-2.239179e-03
-2.221720e-03
-2.206806e-03
-2.194145e-03
-2.183470e-03
-2.174560e-03
-2.167176e-03
-2.161131e-03
-2.156253e-03
-2.152391e-03
-2.149439e-03
-2.147233e-03
-2.145675e-03
-2.144672e-03
-2.144140e-03
-2.144044e-03
-2.144267e-03
-2.144767e-03
-2.145495e-03
-2.146411e-03
-2.147513e-03
-2.148738e-03
-2.150061e-03
-2.151465e-03
-2.152933e-03
-2.154456e-03
-2.156070e-03
-2.157725e-03
-2.159420e-03
-2.161157e-03
-2.162939e-03
-2.164775e-03
-2.166670e-03
-2.168721e-03
-2.170821e-03
-2.173013e-03
-2.175312e-03
-2.177736e-03
-2.180300e-03
-2.183022e-03
-2.186027e-03
-2.189187e-03
-2.192559e-03
-2.196168e-03
-2.200035e-03
-2.204183e-03
-2.208634e-03
-2.213489e-03
-2.218694e-03
-2.224269e-03
-2.230241e-03
-2.236635e-03
-2.243476e-03
-2.250791e-03
-2.258606e-03
-2.266946e-03
-2.275994e-03
-2.285555e-03
-2.295715e-03
-2.306508e-03
-2.317961e-03
-2.330103e-03
-2.342965e-03
-2.356573e-03
-2.370960e-03
-2.386326e-03
-2.402461e-03
-2.419457e-03
-2.437353e-03
-2.456181e-03
-2.475976e-03
-2.496773e-03
-2.518606e-03
-2.541512e-03
-2.565528e-03
-2.590909e-03
-2.617379e-03
-2.645070e-03
-2.674031e-03
-2.704308e-03
-2.735948e-03
-2.768999e-03
-2.803511e-03
-2.839537e-03
-2.877133e-03
-2.916524e-03
-2.957572e-03
-3.000367e-03
-3.044983e-03
-3.091491e-03
-3.139972e-03
-3.190505e-03
-3.243178e-03
-3.298083e-03
-3.355319e-03
-3.414989e-03
-3.477394e-03
-3.542442e-03
-3.610286e-03
-3.681071e-03
-3.754950e-03
-3.832088e-03
-3.912663e-03
-3.996865e-03
-4.084905e-03
-4.177008e-03
-4.273422e-03
-4.374634e-03
-4.480704e-03
-4.591978e-03
-4.708823e-03
-4.831635e-03
-4.960855e-03
-5.096968e-03
-5.240513e-03
-5.392091e-03
-5.552372e-03
-5.722109e-03
-5.902614e-03
-6.094191e-03
-6.298137e-03
-6.515707e-03
-6.748323e-03
-6.997614e-03
-7.265465e-03
-7.554061e-03
-7.866316e-03
-8.204885e-03
-8.573362e-03
-8.976011e-03
-9.417955e-03
-9.905404e-03
-1.044597e-02
-1.104966e-02
-1.172781e-02
-1.249569e-02
-1.337302e-02
-1.438586e-02
-1.556949e-02
-1.697447e-02
-1.866977e-02
-2.076243e-02
-2.342238e-02
-2.693473e-02
-3.183322e-02
-3.923805e-02
-5.178472e-02
-7.531045e-02
-1.141625e-01
-1.652610e-01
-2.360620e-01
-3.436249e-01
-4.747592e-01
-5.308854e-01
-4.770559e-01
-3.912213e-01
-3.147176e-01
-2.521426e-01
-2.007877e-01
-1.580401e-01
-1.221456e-01
-9.199585e-02
-6.686163e-02
-4.619825e-02
-2.952947e-02
-1.640067e-02
-6.356426e-03
1.044104e-03
6.227395e-03
9.588426e-03
1.148491e-02
1.223392e-02
1.211229e-02
1.136008e-02
1.018691e-02
8.775060e-03
7.287795e-03
5.855842e-03
4.593104e-03
3.559600e-03
2.765387e-03
2.165848e-03
1.676074e-03
1.205626e-03
6.648193e-04
2.490777e-05
-7.060125e-04
-1.500706e-03
-2.321576e-03
-3.119067e-03
-3.867072e-03
-4.546568e-03
-5.147941e-03
-5.668739e-03
-6.111277e-03
-6.478955e-03
-6.783243e-03
-7.028514e-03
-7.220601e-03
-7.370642e-03
-7.482267e-03
-7.561075e-03
-7.613658e-03
-7.643065e-03
-7.653127e-03
-7.648813e-03
-7.630143e-03
-7.601008e-03
-7.562310e-03
-7.515669e-03
-7.462435e-03
-7.404941e-03
-7.342227e-03
-7.275659e-03
-7.205955e-03
-7.134636e-03
-7.060682e-03
-6.984966e-03
-6.907875e-03
-6.829717e-03
-6.751367e-03
-6.672097e-03
-6.592367e-03
-6.512367e-03
-6.432250e-03
-6.352144e-03
-6.272164e-03
-6.192670e-03
-6.113412e-03
-6.034507e-03
-5.956032e-03
-5.878052e-03
-5.800627e-03
-5.723806e-03
-5.647636e-03
-5.572158e-03
-5.497407e-03
-5.423417e-03
-5.350217e-03
-5.277831e-03
-5.206284e-03
-5.135595e-03
-5.065782e-03
-4.996862e-03
-4.928903e-03
-4.861844e-03
-4.795701e-03
-4.730486e-03
-4.666205e-03
-4.602867e-03
-4.540475e-03
-4.479034e-03
-4.418544e-03
-4.359008e-03
-4.300426e-03
-4.242795e-03
-4.186114e-03
-4.130380e-03
-4.075589e-03
-4.021736e-03
-3.968816e-03
-3.916823e-03
-3.865750e-03
-3.815590e-03
-3.766335e-03
-3.718045e-03
-3.670617e-03
-3.624066e-03
-3.578383e-03
-3.533559e-03
-3.489583e-03
-3.446446e-03
-3.404137e-03
-3.362645e-03
-3.321958e-03
-3.282067e-03
-3.242958e-03
-3.204621e-03
-3.167044e-03
-3.130215e-03
-3.094123e-03
-3.058756e-03
-3.024102e-03
-2.990149e-03
-2.956885e-03
-2.924298e-03
-2.892378e-03
-2.861111e-03
-2.830487e-03
-2.800493e-03
-2.771119e-03
-2.742352e-03
-2.714182e-03
-2.686596e-03
-2.659585e-03
-2.633136e-03
-2.607240e-03
-2.581990e-03
-2.557258e-03
-2.533038e-03
-2.509321e-03
-2.486098e-03
-2.463360e-03
-2.441097e-03
-2.419301e-03
-2.397962e-03
-2.377070e-03
-2.356618e-03
-2.336595e-03
-2.316993e-03
-2.297804e-03
-2.279018e-03
-2.260628e-03
-2.242624e-03
-2.225000e-03
-2.207746e-03
-2.190855e-03
-2.174319e-03
-2.158130e-03
-2.142282e-03
-2.126767e-03
-2.111577e-03
-2.096852e-03
-2.082398e-03
-2.068238e-03
-2.054370e-03
-2.040787e-03
-2.027484e-03
-2.014457e-03
-2.001699e-03
-1.989205e-03
-1.976969e-03
-1.964987e-03
-1.953253e-03
-1.941761e-03
-1.930506e-03
-1.919484e-03
-1.908690e-03
-1.898118e-03
-1.887764e-03
-1.877623e-03
-1.867691e-03
-1.857963e-03
-1.848435e-03
-1.839103e-03
-1.829961e-03
-1.821133e-03
-1.812476e-03
-1.803987e-03
-1.795666e-03
-1.787510e-03
-1.779517e-03
-1.771683e-03
-1.764007e-03
-1.756484e-03
-1.749113e-03
-1.741890e-03
-1.734813e-03
-1.727878e-03
-1.721083e-03
-1.714425e-03
-1.707901e-03
-1.701509e-03
-1.695245e-03
-1.689109e-03
-1.683096e-03
-1.677205e-03
-1.671433e-03
-1.665777e-03
-1.660237e-03
-1.654808e-03
-1.649628e-03
-1.644532e-03
-1.639531e-03
-1.634624e-03
-1.629813e-03
-1.625096e-03
-1.620472e-03
-1.615940e-03
-1.611498e-03
-1.607145e-03
-1.602879e-03
-1.598700e-03
-1.594606e-03
-1.590595e-03
-1.586666e-03
-1.582818e-03
-1.579049e-03
-1.575358e-03
-1.571744e-03
-1.568205e-03
-1.564740e-03
-1.561348e-03
-1.558028e-03
-1.554778e-03
-1.551597e-03
-1.548484e-03
-1.545573e-03
-1.542709e-03
-1.539898e-03
-1.537143e-03
-1.534444e-03
-1.531801e-03
-1.529215e-03
-1.526683e-03
-1.524207e-03
-1.521786e-03
-1.519419e-03
-1.517106e-03
-1.514845e-03
-1.512637e-03
-1.510481e-03
-1.508376e-03
-1.506322e-03
-1.504317e-03
-1.502362e-03
-1.500456e-03
-1.498598e-03
-1.496788e-03
-1.495025e-03
-1.493308e-03
-1.491638e-03
-1.490012e-03
-1.488432e-03
-1.486895e-03
-1.485592e-03
-1.484255e-03
-1.482947e-03
-1.481674e-03
-1.480437e-03
-1.479236e-03
-1.478073e-03
-1.476946e-03
-1.475856e-03
-1.474802e-03
-1.473786e-03
-1.472805e-03
-1.471862e-03
-1.470954e-03
-1.470083e-03
-1.469247e-03
-1.468447e-03
-1.467683e-03
-1.466954e-03
-1.466260e-03
-1.465600e-03
-1.464976e-03
-1.464386e-03
-1.463830e-03
-1.463308e-03
-1.462820e-03
-1.462365e-03
-1.461944e-03
-1.461556e-03
-1.461341e-03
-1.461128e-03
-1.460938e-03
-1.460772e-03
-1.460632e-03
-1.460520e-03
-1.460435e-03
-1.460378e-03
-1.460349e-03
-1.460348e-03
-1.460377e-03
-1.460434e-03
-1.460520e-03
-1.460635e-03
-1.460779e-03
-1.460952e-03
-1.461155e-03
-1.461387e-03
-1.461647e-03
-1.461937e-03
-1.462256e-03
-1.462605e-03
-1.462982e-03
-1.463389e-03
-1.463824e-03
-1.464289e-03
-1.464782e-03
-1.465304e-03
-1.465855e-03
-1.466435e-03
-1.467044e-03
-1.467681e-03
-1.468499e-03
-1.469297e-03
-1.470113e-03
-1.470950e-03
-1.471810e-03
-1.472695e-03
-1.473604e-03
-1.474538e-03
-1.475497e-03
-1.476482e-03
-1.477493e-03
-1.478530e-03
-1.479594e-03
-1.480684e-03
-1.481801e-03
-1.482944e-03
-1.484115e-03
-1.485313e-03
-1.486538e-03
-1.487790e-03
-1.489069e-03
-1.490376e-03
-1.491710e-03
-1.493071e-03
-1.494460e-03
-1.495876e-03
-1.497319e-03
-1.498790e-03
-1.500288e-03
-1.501814e-03
-1.503367e-03
-1.504947e-03
-1.506554e-03
-1.508189e-03
-1.509850e-03
-1.511659e-03
-1.513471e-03
-1.515301e-03
-1.517153e-03
-1.519026e-03
-1.520922e-03
-1.522842e-03
-1.524786e-03
-1.526755e-03
-1.528748e-03
-1.530766e-03
-1.532810e-03
-1.534879e-03
-1.536973e-03
-1.539094e-03
-1.541240e-03
-1.543412e-03
-1.545610e-03
-1.547835e-03
-1.550085e-03
-1.552361e-03
-1.554664e-03
-1.556993e-03
-1.559348e-03
-1.561729e-03
-1.564137e-03
-1.566570e-03
-1.569030e-03
-1.571515e-03
-1.574027e-03
-1.576564e-03
-1.579128e-03
-1.581717e-03
-1.584332e-03
-1.586972e-03
-1.589638e-03
-1.592330e-03
-1.595047e-03
-1.597789e-03
-1.600556e-03
-1.603440e-03
-1.606342e-03
-1.609262e-03
-1.612202e-03
-1.615162e-03
-1.618143e-03
-1.621146e-03
-1.624172e-03
-1.627219e-03
-1.630289e-03
-1.633382e-03
-1.636498e-03
-1.639637e-03
-1.642799e-03
-1.645984e-03
-1.649192e-03
-1.652424e-03
-1.655678e-03
-1.658955e-03
-1.662256e-03
-1.665579e-03
-1.668926e-03
-1.672295e-03
-1.675687e-03
-1.679102e-03
-1.682539e-03
-1.685999e-03
-1.689481e-03
-1.692985e-03
-1.696511e-03
-1.700059e-03
-1.703629e-03
-1.707221e-03
-1.710834e-03
-1.714468e-03
-1.718124e-03
-1.721800e-03
-1.725497e-03
-1.729215e-03
-1.732953e-03
-1.736712e-03
-1.740490e-03
-1.744288e-03
-1.748106e-03
-1.751943e-03
-1.755799e-03
-1.759675e-03
-1.763569e-03
-1.767561e-03
-1.771563e-03
-1.775576e-03
-1.779604e-03
-1.783646e-03
-1.787704e-03
-1.791777e-03
-1.795866e-03
-1.799971e-03
-1.804092e-03
-1.808229e-03
-1.812381e-03
-1.816550e-03
-1.820734e-03
-1.824934e-03
-1.829150e-03
-1.833381e-03
-1.837627e-03
-1.841889e-03
-1.846165e-03
-1.850457e-03
-1.854763e-03
-1.859084e-03
-1.863419e-03
-1.867768e-03
-1.872132e-03
-1.876509e-03
-1.880899e-03
-1.885303e-03
-1.889720e-03
-1.894150e-03
-1.898592e-03
-1.903047e-03
-1.907513e-03
-1.911992e-03
-1.916482e-03
-1.920984e-03
-1.925497e-03
-1.930020e-03
-1.934554e-03
-1.939099e-03
-1.943653e-03
-1.948217e-03
-1.952791e-03
-1.957373e-03
-1.961965e-03
-1.966565e-03
-1.971174e-03
-1.975790e-03
-1.980415e-03
-1.985047e-03
-1.989685e-03
-1.994331e-03
-1.998983e-03
-2.003642e-03
-2.008306e-03
-2.012977e-03
-2.017652e-03
-2.022332e-03
-2.027018e-03
-2.031707e-03
-2.036401e-03
-2.041162e-03
-2.045914e-03
-2.050666e-03
-2.055417e-03
-2.060170e-03
-2.064924e-03
-2.069679e-03
-2.074436e-03
-2.079193e-03
-2.083952e-03
-2.088711e-03
-2.093471e-03
-2.098232e-03
-2.102993e-03
-2.107754e-03
-2.112515e-03
-2.117275e-03
-2.122035e-03
-2.126795e-03
-2.131553e-03
-2.136310e-03
-2.141065e-03
-2.145819e-03
-2.150570e-03
-2.155319e-03
-2.160065e-03
-2.164808e-03
-2.169548e-03
-2.174285e-03
-2.179017e-03
-2.183746e-03
-2.188470e-03
-2.193189e-03
-2.197903e-03
-2.202611e-03
-2.207314e-03
-2.212010e-03
-2.216700e-03
-2.221384e-03
-2.226060e-03
-2.230729e-03
-2.235390e-03
-2.240043e-03
-2.244687e-03
-2.249323e-03
-2.253949e-03
-2.258567e-03
-2.263174e-03
-2.267771e-03
-2.272358e-03
-2.276933e-03
-2.281498e-03
-2.286051e-03
-2.290592e-03
-2.295121e-03
-2.299637e-03
-2.304140e-03
-2.308630e-03
-2.313106e-03
-2.317568e-03
-2.322015e-03
-2.326448e-03
-2.330866e-03
-2.335268e-03
-2.339654e-03
-2.344024e-03
-2.348377e-03
-2.352713e-03
-2.357032e-03
-2.361333e-03
-2.365616e-03
-2.369880e-03
-2.374125e-03
-2.378352e-03
-2.382558e-03
-2.386745e-03
-2.390911e-03
-2.395056e-03
-2.399180e-03
-2.403283e-03
-2.407363e-03
-2.411422e-03
-2.415457e-03
-2.419470e-03
-2.423459e-03
-2.427424e-03
-2.431365e-03
-2.435281e-03
-2.439173e-03
-2.443039e-03
-2.446879e-03
-2.450693e-03
-2.454480e-03
-2.458240e-03
-2.461973e-03
-2.465678e-03
-2.469355e-03
-2.473003e-03
-2.476623e-03
-2.480249e-03
-2.483833e-03
-2.487385e-03
-2.490905e-03
-2.494395e-03
-2.497853e-03
-2.501279e-03
-2.504673e-03
-2.508034e-03
-2.511363e-03
-2.514659e-03
-2.517922e-03
-2.521151e-03
-2.524346e-03
-2.527507e-03
-2.530633e-03
-2.533724e-03
-2.536780e-03
-2.539800e-03
-2.542784e-03
-2.545731e-03
-2.548641e-03
-2.551515e-03
-2.554350e-03
-2.557148e-03
-2.559907e-03
-2.562627e-03
-2.565308e-03
-2.567950e-03
-2.570552e-03
-2.573114e-03
-2.575634e-03
-2.578114e-03
-2.580552e-03
-2.582949e-03
-2.585303e-03
-2.587615e-03
-2.589883e-03
-2.592108e-03
-2.594290e-03
-2.596427e-03
-2.598519e-03
-2.600567e-03
-2.602569e-03
-2.604526e-03
-2.606436e-03
-2.608300e-03
-2.610118e-03
-2.611888e-03
-2.613610e-03
-2.615284e-03
-2.616910e-03
-2.618488e-03
-2.620016e-03
-2.621495e-03
-2.622924e-03
-2.624303e-03
-2.625631e-03
-2.626908e-03
-2.628135e-03
-2.629309e-03
-2.630432e-03
-2.631502e-03
-2.632520e-03
-2.633485e-03
-2.634397e-03
-2.635255e-03
-2.636059e-03
-2.636809e-03
-2.637505e-03
-2.638145e-03
-2.638731e-03
-2.639261e-03
-2.639735e-03
-2.640153e-03
-2.640515e-03
-2.640821e-03
-2.641069e-03
-2.641261e-03
-2.641395e-03
-2.641471e-03
-2.641489e-03
-2.641450e-03
-2.641352e-03
-2.641195e-03
-2.640980e-03
-2.640705e-03
-2.640371e-03
-2.639978e-03
-2.639525e-03
-2.639013e-03
-2.638440e-03
-2.637807e-03
-2.637114e-03
-2.636361e-03
-2.635546e-03
-2.634671e-03
-2.633735e-03
-2.632738e-03
-2.631680e-03
-2.630561e-03
-2.629380e-03
-2.628138e-03
-2.626835e-03
-2.625470e-03
-2.624043e-03
-2.622555e-03
-2.621005e-03
-2.619393e-03
-2.617720e-03
-2.615985e-03
-2.614188e-03
-2.612329e-03
-2.610409e-03
-2.608428e-03
-2.606384e-03
-2.604279e-03
-2.602113e-03
-2.599885e-03
-2.597597e-03
-2.595247e-03
-2.592836e-03
-2.590364e-03
-2.587831e-03
-2.585238e-03
-2.582584e-03
-2.579870e-03
-2.577096e-03
-2.574262e-03
-2.571369e-03
-2.568416e-03
-2.565404e-03
-2.562333e-03
-2.559203e-03
-2.556015e-03
-2.552769e-03
-2.549465e-03
-2.546103e-03
-2.542684e-03
-2.539209e-03
-2.535677e-03
-2.532089e-03
-2.528445e-03
-2.524746e-03
-2.520992e-03
-2.517183e-03
-2.513320e-03
-2.509404e-03
-2.505434e-03
-2.501411e-03
-2.497336e-03
-2.493209e-03
-2.489031e-03
-2.484801e-03
-2.480522e-03
-2.476192e-03
-2.471814e-03
-2.467386e-03
-2.462910e-03
-2.458387e-03
-2.453816e-03
-2.449199e-03
-2.444536e-03
-2.439827e-03
-2.435074e-03
-2.430277e-03
-2.425436e-03
-2.420552e-03
-2.415626e-03
-2.410699e-03
-2.405715e-03
-2.400690e-03
-2.395624e-03
-2.390520e-03
-2.385378e-03
-2.380198e-03
-2.374982e-03
-2.369731e-03
-2.364444e-03
-2.359124e-03
-2.353771e-03
-2.348385e-03
-2.342967e-03
-2.337519e-03
-2.332040e-03
-2.326532e-03
-2.320996e-03
-2.315432e-03
-2.309841e-03
-2.304224e-03
-2.298581e-03
-2.292914e-03
-2.287222e-03
-2.281508e-03
-2.275772e-03
-2.270014e-03
-2.264235e-03
-2.258437e-03
-2.252619e-03
-2.246783e-03
-2.240929e-03
-2.235058e-03
-2.229171e-03
-2.223269e-03
-2.217352e-03
-2.211422e-03
-2.205478e-03
-2.199522e-03
-2.193555e-03
-2.187576e-03
-2.181588e-03
-2.175590e-03
-2.169584e-03
-2.163569e-03
-2.157548e-03
-2.151520e-03
-2.145486e-03
-2.139447e-03
-2.133404e-03
-2.127357e-03
-2.121307e-03
-2.115255e-03
-2.109201e-03
-2.103146e-03
-2.097091e-03
-2.091036e-03
-2.084982e-03
-2.078930e-03
-2.072880e-03
-2.066833e-03
-2.060789e-03
-2.054750e-03
-2.048715e-03
-2.042685e-03
-2.036662e-03
-2.030644e-03
-2.024634e-03
-2.018631e-03
-2.012637e-03
-2.006651e-03
-2.000674e-03
-1.994707e-03
-1.988750e-03
-1.982804e-03
-1.976870e-03
-1.970947e-03
-1.965036e-03
-1.959138e-03
-1.953253e-03
-1.947381e-03
-1.941524e-03
-1.935681e-03
-1.929853e-03
-1.924041e-03
-1.918244e-03
-1.912463e-03
-1.906699e-03
-1.900952e-03
-1.895222e-03
-1.889554e-03
-1.883900e-03
-1.878260e-03
-1.872638e-03
-1.867034e-03
-1.861448e-03
-1.855881e-03
-1.850334e-03
-1.844807e-03
-1.839300e-03
-1.833814e-03
-1.828350e-03
-1.822907e-03
-1.817485e-03
-1.812086e-03
-1.806709e-03
-1.801356e-03
-1.796025e-03
-1.790717e-03
-1.785433e-03
-1.780172e-03
-1.774935e-03
-1.769723e-03
-1.764534e-03
-1.759371e-03
-1.754232e-03
-1.749117e-03
-1.744028e-03
-1.738964e-03
-1.733925e-03
-1.728911e-03
-1.723923e-03
-1.718960e-03
-1.714023e-03
-1.709112e-03
-1.704227e-03
-1.699367e-03
-1.694534e-03
-1.689726e-03
-1.684945e-03
-1.680190e-03
-1.675461e-03
-1.670758e-03
-1.666082e-03
-1.661432e-03
-1.656808e-03
-1.652210e-03
-1.647639e-03
-1.643094e-03
-1.638576e-03
-1.634084e-03
-1.629618e-03
-1.625178e-03
-1.620765e-03
-1.616378e-03
-1.612017e-03
-1.607683e-03
-1.603374e-03
-1.599092e-03
-1.594836e-03
-1.590606e-03
-1.586402e-03
-1.582223e-03
-1.578071e-03
-1.573944e-03
-1.569844e-03
-1.565768e-03
-1.561719e-03
-1.557695e-03
-1.553774e-03
-1.549838e-03
-1.545924e-03
-1.542033e-03
-1.538166e-03
-1.534323e-03
-1.530505e-03
-1.526710e-03
-1.522940e-03
-1.519194e-03
-1.515472e-03
-1.511775e-03
-1.508102e-03
-1.504453e-03
-1.500828e-03
-1.497227e-03
-1.493651e-03
-1.490098e-03
-1.486569e-03
-1.483064e-03
-1.479583e-03
-1.476125e-03
-1.472691e-03
-1.469280e-03
-1.465892e-03
-1.462528e-03
-1.459187e-03
-1.455868e-03
-1.452573e-03
-1.449301e-03
-1.446051e-03
-1.442823e-03
-1.439618e-03
-1.436435e-03
-1.433275e-03
-1.430136e-03
-1.427019e-03
-1.423924e-03
-1.420851e-03
-1.417799e-03
-1.414768e-03
-1.411759e-03
-1.408770e-03
-1.405803e-03
-1.402856e-03
-1.399930e-03
-1.397025e-03
-1.394140e-03
-1.391275e-03
-1.388431e-03
-1.385606e-03
-1.382801e-03
-1.380016e-03
-1.377251e-03
-1.374505e-03
-1.371778e-03
-1.369070e-03
-1.366381e-03
-1.363712e-03
-1.361061e-03
-1.358428e-03
-1.355815e-03
-1.353219e-03
-1.350642e-03
-1.348083e-03
-1.345541e-03
-1.343018e-03
-1.340576e-03
-1.338121e-03
-1.335679e-03
-1.333253e-03
-1.330842e-03
-1.328448e-03
-1.326070e-03
-1.323707e-03
-1.321361e-03
