-2.779401e-04
-2.779401e-04
-2.595107e-04
-2.730444e-04
-2.790366e-04
-2.832968e-04
-2.866897e-04
-2.895049e-04
-2.919000e-04
-2.939738e-04
-2.957918e-04
-2.973992e-04
-2.988285e-04
-3.001042e-04
-3.012452e-04
-3.022669e-04
-3.031822e-04
-3.040021e-04
-3.047362e-04
-3.053928e-04
-3.059796e-04
-3.065032e-04
-3.069696e-04
-3.073843e-04
-3.077522e-04
-3.080779e-04
-3.083653e-04
-3.086180e-04
-3.088395e-04
-3.090327e-04
-3.092003e-04
-3.093448e-04
-3.094685e-04
-3.095734e-04
-3.096613e-04
-3.097339e-04
-3.097927e-04
-3.098391e-04
-3.098744e-04
-3.098996e-04
-3.099157e-04
-3.099238e-04
-3.099246e-04
-3.099189e-04
-3.099074e-04
-3.098907e-04
-3.098694e-04
-3.098439e-04
-3.098148e-04
-3.097825e-04
-3.097473e-04
-3.097095e-04
-3.096695e-04
-3.096276e-04
-3.095840e-04
-3.095389e-04
-3.094925e-04
-3.094451e-04
-3.093967e-04
-3.093475e-04
-3.092977e-04
-3.092474e-04
-3.091967e-04
-3.091456e-04
-3.090944e-04
-3.090429e-04
-3.089914e-04
-3.089398e-04
-3.088883e-04
-3.088369e-04
-3.087855e-04
-3.087343e-04
-3.086834e-04
-3.086326e-04
-3.085821e-04
-3.085318e-04
-3.084818e-04
-3.084322e-04
-3.083828e-04
-3.083338e-04
-3.082852e-04
-3.082368e-04
-3.081889e-04
-3.081413e-04
-3.080940e-04
-3.080471e-04
-3.080006e-04
-3.079545e-04
-3.079088e-04
-3.078634e-04
-3.078184e-04
-3.077737e-04
-3.077295e-04
-3.076856e-04
-3.076421e-04
-3.075989e-04
-3.075561e-04
-3.075136e-04
-3.074715e-04
-3.074298e-04
-3.073884e-04
-3.073473e-04
-3.073066e-04
-3.072662e-04
-3.072262e-04
-3.071864e-04
-3.071470e-04
-3.071079e-04
-3.070691e-04
-3.070307e-04
-3.069925e-04
-3.069546e-04
-3.069170e-04
-3.068797e-04
-3.068427e-04
-3.068060e-04
-3.067696e-04
-3.067334e-04
-3.066975e-04
-3.066619e-04
-3.066265e-04
-3.065914e-04
-3.065566e-04
-3.065220e-04
-3.064876e-04
-3.064535e-04
-3.064197e-04
-3.063861e-04
-3.063527e-04
-3.063195e-04
-3.062866e-04
-3.062539e-04
-3.062214e-04
-3.061892e-04
-3.061572e-04
-3.061253e-04
-3.060937e-04
-3.060623e-04
-3.060311e-04
-3.060001e-04
-3.059693e-04
-3.059387e-04
-3.059084e-04
-3.058781e-04
-3.058481e-04
-3.058183e-04
-3.057887e-04
-3.057592e-04
-3.057300e-04
-3.057009e-04
-3.056719e-04
-3.056432e-04
-3.056146e-04
-3.055863e-04
-3.055580e-04
-3.055300e-04
-3.055021e-04
-3.054744e-04
-3.054468e-04
-3.054194e-04
-3.053922e-04
-3.053651e-04
-3.053382e-04
-3.053114e-04
-3.052848e-04
-3.052583e-04
-3.052320e-04
-3.052058e-04
-3.051798e-04
-3.051539e-04
-3.051282e-04
-3.051026e-04
-3.050772e-04
-3.050519e-04
-3.050267e-04
-3.050017e-04
-3.049768e-04
-3.049520e-04
-3.049274e-04
-3.049029e-04
-3.048785e-04
-3.048543e-04
-3.048302e-04
-3.048062e-04
-3.047824e-04
-3.047587e-04
-3.047351e-04
-3.047116e-04
-3.046883e-04
-3.046651e-04
-3.046420e-04
-3.046190e-04
-3.045961e-04
-3.045734e-04
-3.045507e-04
-3.045282e-04
-3.045058e-04
-3.044836e-04
-3.044614e-04
-3.044393e-04
-3.044174e-04
-3.043956e-04
-3.043739e-04
-3.043523e-04
-3.043308e-04
-3.043094e-04
-3.042881e-04
-3.042669e-04
-3.042458e-04
-3.042249e-04
-3.042040e-04
-3.041833e-04
-3.041626e-04
-3.041421e-04
-3.041216e-04
-3.041013e-04
-3.040810e-04
-3.040609e-04
-3.040409e-04
-3.040209e-04
-3.040011e-04
-3.039813e-04
-3.039617e-04
-3.039421e-04
-3.039226e-04
-3.039033e-04
-3.038840e-04
-3.038648e-04
-3.038458e-04
-3.038268e-04
-3.038079e-04
-3.037891e-04
-3.037703e-04
-3.037517e-04
-3.037332e-04
-3.037147e-04
-3.036964e-04
-3.036781e-04
-3.036600e-04
-3.036419e-04
-3.036239e-04
-3.036059e-04
-3.035881e-04
-3.035704e-04
-3.035527e-04
-3.035351e-04
-3.035177e-04
-3.035002e-04
-3.034829e-04
-3.034657e-04
-3.034485e-04
-3.034315e-04
-3.034145e-04
-3.033975e-04
-3.033807e-04
-3.033640e-04
-3.033473e-04
-3.033307e-04
-3.033142e-04
-3.032978e-04
-3.032814e-04
-3.032651e-04
-3.032489e-04
-3.032328e-04
-3.032168e-04
-3.032008e-04
-3.031849e-04
-3.031691e-04
-3.031533e-04
-3.031377e-04
-3.031221e-04
-3.031065e-04
-3.030911e-04
-3.030757e-04
-3.030604e-04
-3.030452e-04
-3.030300e-04
-3.030149e-04
-3.029999e-04
-3.029850e-04
-3.029701e-04
-3.029553e-04
-3.029406e-04
-3.029259e-04
-3.029113e-04
-3.028968e-04
-3.028823e-04
-3.028679e-04
-3.028536e-04
-3.028394e-04
-3.028252e-04
-3.028111e-04
-3.027970e-04
-3.027830e-04
-3.027691e-04
-3.027553e-04
-3.027415e-04
-3.027277e-04
-3.027141e-04
-3.027005e-04
-3.026870e-04
-3.026735e-04
-3.026601e-04
-3.026467e-04
-3.026335e-04
-3.026202e-04
-3.026071e-04
-3.025940e-04
-3.025810e-04
-3.025680e-04
-3.025551e-04
-3.025422e-04
-3.025295e-04
-3.025167e-04
-3.025041e-04
-3.024915e-04
-3.024789e-04
-3.024664e-04
-3.024540e-04
-3.024416e-04
-3.024293e-04
-3.024170e-04
-3.024048e-04
-3.023927e-04
-3.023806e-04
-3.023686e-04
-3.023566e-04
-3.023447e-04
-3.023329e-04
-3.023211e-04
-3.023093e-04
-3.022976e-04
-3.022860e-04
-3.022744e-04
-3.022629e-04
-3.022514e-04
-3.022400e-04
-3.022286e-04
-3.022173e-04
-3.022060e-04
-3.021948e-04
-3.021837e-04
-3.021726e-04
-3.021615e-04
-3.021505e-04
-3.021396e-04
-3.021287e-04
-3.021179e-04
-3.021071e-04
-3.020963e-04
-3.020856e-04
-3.020750e-04
-3.020644e-04
-3.020539e-04
-3.020434e-04
-3.020329e-04
-3.020225e-04
-3.020122e-04
-3.020019e-04
-3.019917e-04
-3.019815e-04
-3.019713e-04
-3.019612e-04
-3.019512e-04
-3.019412e-04
-3.019312e-04
-3.019213e-04
-3.019114e-04
-3.019016e-04
-3.018918e-04
-3.018821e-04
-3.018724e-04
-3.018628e-04
-3.018532e-04
-3.018437e-04
-3.018342e-04
-3.018247e-04
-3.018153e-04
-3.018059e-04
-3.017966e-04
-3.017873e-04
-3.017781e-04
-3.017689e-04
-3.017598e-04
-3.017506e-04
-3.017416e-04
-3.017326e-04
-3.017236e-04
-3.017147e-04
-3.017058e-04
-3.016969e-04
-3.016881e-04
-3.016793e-04
-3.016706e-04
-3.016619e-04
-3.016533e-04
-3.016447e-04
-3.016361e-04
-3.016276e-04
-3.016191e-04
-3.016107e-04
-3.016023e-04
-3.015939e-04
-3.015856e-04
-3.015773e-04
-3.015691e-04
-3.015609e-04
-3.015527e-04
-3.015446e-04
-3.015365e-04
-3.015285e-04
-3.015205e-04
-3.015125e-04
-3.015045e-04
-3.014966e-04
-3.014888e-04
-3.014810e-04
-3.014732e-04
-3.014654e-04
-3.014577e-04
-3.014500e-04
-3.014424e-04
-3.014348e-04
-3.014272e-04
-3.014197e-04
-3.014122e-04
-3.014047e-04
-3.013973e-04
-3.013899e-04
-3.013826e-04
-3.013752e-04
-3.013680e-04
-3.013607e-04
-3.013535e-04
-3.013463e-04
-3.013392e-04
-3.013320e-04
-3.013250e-04
-3.013179e-04
-3.013109e-04
-3.013039e-04
-3.012970e-04
-3.012901e-04
-3.012832e-04
-3.012763e-04
-3.012695e-04
-3.012627e-04
-3.012560e-04
-3.012493e-04
-3.012426e-04
-3.012359e-04
-3.012293e-04
-3.012227e-04
-3.012161e-04
-3.012096e-04
-3.012031e-04
-3.011966e-04
-3.011902e-04
-3.011838e-04
-3.011774e-04
-3.011711e-04
-3.011648e-04
-3.011585e-04
-3.011522e-04
-3.011460e-04
-3.011398e-04
-3.011336e-04
-3.011275e-04
-3.011214e-04
-3.011153e-04
-3.011092e-04
-3.011032e-04
-3.010972e-04
-3.010913e-04
-3.010853e-04
-3.010794e-04
-3.010735e-04
-3.010677e-04
-3.010619e-04
-3.010561e-04
-3.010503e-04
-3.010446e-04
-3.010389e-04
-3.010332e-04
-3.010275e-04
-3.010219e-04
-3.010163e-04
-3.010107e-04
-3.010051e-04
-3.009996e-04
-3.009941e-04
-3.009886e-04
-3.009832e-04
-3.009778e-04
-3.009724e-04
-3.009670e-04
-3.009617e-04
-3.009564e-04
-3.009511e-04
-3.009458e-04
-3.009405e-04
-3.009353e-04
-3.009301e-04
-3.009250e-04
-3.009198e-04
-3.009147e-04
-3.009096e-04
-3.009046e-04
-3.008995e-04
-3.008945e-04
-3.008895e-04
-3.008845e-04
-3.008796e-04
-3.008746e-04
-3.008697e-04
-3.008649e-04
-3.008600e-04
-3.008552e-04
-3.008504e-04
-3.008456e-04
-3.008408e-04
-3.008361e-04
-3.008314e-04
-3.008267e-04
-3.008220e-04
-3.008173e-04
-3.008127e-04
-3.008081e-04
-3.008035e-04
-3.007990e-04
-3.007944e-04
-3.007899e-04
-3.007854e-04
-3.007809e-04
-3.007765e-04
-3.007721e-04
-3.007677e-04
-3.007633e-04
-3.007589e-04
-3.007545e-04
-3.007502e-04
-3.007459e-04
-3.007416e-04
-3.007374e-04
-3.007331e-04
-3.007289e-04
-3.007247e-04
-3.007205e-04
-3.007164e-04
-3.007122e-04
-3.007081e-04
-3.007040e-04
-3.006999e-04
-3.006958e-04
-3.006918e-04
-3.006878e-04
-3.006838e-04
-3.006798e-04
-3.006758e-04
-3.006719e-04
-3.006679e-04
-3.006640e-04
-3.006601e-04
-3.006563e-04
-3.006524e-04
-3.006486e-04
-3.006448e-04
-3.006410e-04
-3.006372e-04
-3.006334e-04
-3.006297e-04
-3.006260e-04
-3.006222e-04
-3.006186e-04
-3.006149e-04
-3.006112e-04
-3.006076e-04
-3.006040e-04
-3.006004e-04
-3.005968e-04
-3.005932e-04
-3.005897e-04
-3.005861e-04
-3.005826e-04
-3.005791e-04
-3.005757e-04
-3.005722e-04
-3.005687e-04
-3.005653e-04
-3.005619e-04
-3.005585e-04
-3.005551e-04
-3.005517e-04
-3.005484e-04
-3.005451e-04
-3.005418e-04
-3.005384e-04
-3.005352e-04
-3.005319e-04
-3.005286e-04
-3.005254e-04
-3.005222e-04
-3.005190e-04
-3.005158e-04
-3.005126e-04
-3.005095e-04
-3.005063e-04
-3.005032e-04
-3.005001e-04
-3.004970e-04
-3.004939e-04
-3.004908e-04
-3.004878e-04
-3.004847e-04
-3.004817e-04
-3.004787e-04
-3.004757e-04
-3.004727e-04
-3.004697e-04
-3.004668e-04
-3.004639e-04
-3.004609e-04
-3.004580e-04
-3.004551e-04
-3.004522e-04
-3.004494e-04
-3.004465e-04
-3.004437e-04
-3.004409e-04
-3.004380e-04
-3.004353e-04
-3.004325e-04
-3.004297e-04
-3.004269e-04
-3.004242e-04
-3.004215e-04
-3.004187e-04
-3.004160e-04
-3.004133e-04
-3.004107e-04
-3.004080e-04
-3.004054e-04
-3.004027e-04
-3.004001e-04
-3.003975e-04
-3.003949e-04
-3.003923e-04
-3.003897e-04
-3.003871e-04
-3.003846e-04
-3.003821e-04
-3.003795e-04
-3.003770e-04
-3.003745e-04
-3.003720e-04
-3.003696e-04
-3.003671e-04
-3.003646e-04
-3.003622e-04
-3.003598e-04
-3.003573e-04
-3.003549e-04
-3.003525e-04
-3.003502e-04
-3.003478e-04
-3.003454e-04
-3.003431e-04
-3.003408e-04
-3.003384e-04
-3.003361e-04
-3.003338e-04
-3.003315e-04
-3.003292e-04
-3.003270e-04
-3.003247e-04
-3.003225e-04
-3.003202e-04
-3.003180e-04
-3.003158e-04
-3.003136e-04
-3.003114e-04
-3.003092e-04
-3.003071e-04
-3.003049e-04
-3.003028e-04
-3.003006e-04
-3.002985e-04
-3.002964e-04
-3.002943e-04
-3.002922e-04
-3.002901e-04
-3.002880e-04
-3.002859e-04
-3.002839e-04
-3.002818e-04
-3.002798e-04
-3.002778e-04
-3.002758e-04
-3.002737e-04
-3.002718e-04
-3.002698e-04
-3.002678e-04
-3.002658e-04
-3.002639e-04
-3.002619e-04
-3.002600e-04
-3.002580e-04
-3.002561e-04
-3.002542e-04
-3.002523e-04
-3.002504e-04
-3.002485e-04
-3.002467e-04
-3.002448e-04
-3.002430e-04
-3.002411e-04
-3.002393e-04
-3.002374e-04
-3.002356e-04
-3.002338e-04
-3.002320e-04
-3.002302e-04
-3.002284e-04
-3.002267e-04
-3.002249e-04
-3.002232e-04
-3.002214e-04
-3.002197e-04
-3.002179e-04
-3.002162e-04
-3.002145e-04
-3.002128e-04
-3.002111e-04
-3.002094e-04
-3.002077e-04
-3.002061e-04
-3.002044e-04
-3.002027e-04
-3.002011e-04
-3.001995e-04
-3.001978e-04
-3.001962e-04
-3.001946e-04
-3.001930e-04
-3.001914e-04
-3.001898e-04
-3.001882e-04
-3.001866e-04
-3.001851e-04
-3.001835e-04
-3.001820e-04
-3.001804e-04
-3.001789e-04
-3.001774e-04
-3.001758e-04
-3.001743e-04
-3.001728e-04
-3.001713e-04
-3.001698e-04
-3.001683e-04
-3.001669e-04
-3.001654e-04
-3.001639e-04
-3.001625e-04
-3.001610e-04
-3.001596e-04
-3.001582e-04
-3.001567e-04
-3.001553e-04
-3.001539e-04
-3.001525e-04
-3.001511e-04
-3.001497e-04
-3.001483e-04
-3.001469e-04
-3.001456e-04
-3.001442e-04
-3.001429e-04
-3.001415e-04
-3.001402e-04
-3.001388e-04
-3.001375e-04
-3.001362e-04
-3.001349e-04
-3.001335e-04
-3.001322e-04
-3.001309e-04
-3.001296e-04
-3.001284e-04
-3.001271e-04
-3.001258e-04
-3.001246e-04
-3.001233e-04
-3.001220e-04
-3.001208e-04
-3.001196e-04
-3.001183e-04
-3.001171e-04
-3.001159e-04
-3.001147e-04
-3.001134e-04
-3.001122e-04
-3.001110e-04
-4.436025e-04
-5.723664e-04
-6.809291e-04
-7.726511e-04
-8.504357e-04
-9.164840e-04
-9.725207e-04
-1.019947e-03
-1.059931e-03
-1.093471e-03
-1.121425e-03
-1.144541e-03
-1.101313e-03
-1.061529e-03
-1.027896e-03
-9.992512e-04
-9.746136e-04
-9.532911e-04
-9.347697e-04
-9.186584e-04
-9.046458e-04
-8.924707e-04
-8.819133e-04
-8.727841e-04
-8.649172e-04
-8.581734e-04
-8.524127e-04
-8.475223e-04
-8.433988e-04
-8.399571e-04
-8.371049e-04
-8.347699e-04
-8.328860e-04
-8.313942e-04
-8.302540e-04
-8.294017e-04
-8.288000e-04
-8.284126e-04
-8.282069e-04
-8.281699e-04
-8.282563e-04
-8.284493e-04
-8.287306e-04
-8.290842e-04
-8.295097e-04
-8.299829e-04
-8.304942e-04
-8.310364e-04
-8.316036e-04
-8.321918e-04
-8.328153e-04
-8.334544e-04
-8.341091e-04
-8.347799e-04
-8.354686e-04
-8.361775e-04
-8.369096e-04
-8.377018e-04
-8.385131e-04
-8.393596e-04
-8.402478e-04
-8.411839e-04
-8.421743e-04
-8.432259e-04
-8.443864e-04
-8.456070e-04
-8.469097e-04
-8.483037e-04
-8.497975e-04
-8.513996e-04
-8.531190e-04
-8.549943e-04
-8.570046e-04
-8.591582e-04
-8.614649e-04
-8.639346e-04
-8.665772e-04
-8.694027e-04
-8.724212e-04
-8.756428e-04
-8.791376e-04
-8.828306e-04
-8.867553e-04
-8.909240e-04
-8.953480e-04
-9.000383e-04
-9.050061e-04
-9.102627e-04
-9.158196e-04
-9.217551e-04
-9.279873e-04
-9.345524e-04
-9.414649e-04
-9.487377e-04
-9.563839e-04
-9.644169e-04
-9.728503e-04
-9.816981e-04
-9.909747e-04
-1.000779e-03
-1.011003e-03
-1.021699e-03
-1.032886e-03
-1.044581e-03
-1.056802e-03
-1.069568e-03
-1.082899e-03
-1.096815e-03
-1.111337e-03
-1.126552e-03
-1.142408e-03
-1.158938e-03
-1.176171e-03
-1.194136e-03
-1.212862e-03
-1.232382e-03
-1.252727e-03
-1.273935e-03
-1.296043e-03
-1.319092e-03
-1.343197e-03
-1.368323e-03
-1.394529e-03
-1.421870e-03
-1.450407e-03
-1.480203e-03
-1.511326e-03
-1.543851e-03
-1.577857e-03
-1.613434e-03
-1.650675e-03
-1.689769e-03
-1.730741e-03
-1.773722e-03
-1.818855e-03
-1.866293e-03
-1.916207e-03
-1.968782e-03
-2.024229e-03
-2.082778e-03
-2.144689e-03
-2.210252e-03
-2.279975e-03
-2.353975e-03
-2.432752e-03
-2.516792e-03
-2.606643e-03
-2.702936e-03
-2.806398e-03
-2.917872e-03
-3.038485e-03
-3.169263e-03
-3.311593e-03
-3.467122e-03
-3.637830e-03
-3.826115e-03
-4.034918e-03
-4.268099e-03
-4.530047e-03
-4.826653e-03
-5.165534e-03
-5.556759e-03
-6.013954e-03
-6.556651e-03
-7.211485e-03
-8.019809e-03
-9.047254e-03
-1.040395e-02
-1.229607e-02
-1.515630e-02
-2.000264e-02
-2.908982e-02
-4.409703e-02
-6.383461e-02
-9.118258e-02
-1.327304e-01
-1.833830e-01
-2.050626e-01
-1.842702e-01
-1.511153e-01
-1.215645e-01
-9.739397e-02
-7.755733e-02
-6.104542e-02
-4.718061e-02
-3.553481e-02
-2.582633e-02
-1.784478e-02
-1.140621e-02
-6.335013e-03
-2.455267e-03
4.033014e-04
2.405427e-03
3.703677e-03
4.436222e-03
4.725541e-03
4.678558e-03
4.388006e-03
3.934850e-03
3.389502e-03
2.815023e-03
2.261909e-03
1.774157e-03
1.374950e-03
1.068173e-03
8.365919e-04
6.474092e-04
4.656917e-04
2.567967e-04
9.621010e-06
-2.727082e-04
-5.796706e-04
-8.967443e-04
-1.204788e-03
-1.493716e-03
-1.756182e-03
-1.988471e-03
-2.189637e-03
-2.360575e-03
-2.502596e-03
-2.620132e-03
-2.714872e-03
-2.789068e-03
-2.847024e-03
-2.890141e-03
-2.920581e-03
-2.940892e-03
-2.952251e-03
-2.956138e-03
-2.954471e-03
-2.947260e-03
-2.936006e-03
-2.921058e-03
-2.903043e-03
-2.882480e-03
-2.860272e-03
-2.836048e-03
-2.810335e-03
-2.783411e-03
-2.755863e-03
-2.727297e-03
-2.698050e-03
-2.668273e-03
-2.638083e-03
-2.607819e-03
-2.577200e-03
-2.546403e-03
-2.515502e-03
-2.484555e-03
-2.453613e-03
-2.422720e-03
-2.392014e-03
-2.361399e-03
-2.330921e-03
-2.300609e-03
-2.270488e-03
-2.240581e-03
-2.210908e-03
-2.181486e-03
-2.152332e-03
-2.123458e-03
-2.094878e-03
-2.066603e-03
-2.038643e-03
-2.011007e-03
-1.983702e-03
-1.956736e-03
-1.930115e-03
-1.903864e-03
-1.877962e-03
-1.852413e-03
-1.827223e-03
-1.802394e-03
-1.777928e-03
-1.753828e-03
-1.730096e-03
-1.706731e-03
-1.683734e-03
-1.661105e-03
-1.638845e-03
-1.616951e-03
-1.595423e-03
-1.574259e-03
-1.553457e-03
-1.533016e-03
-1.512933e-03
-1.493205e-03
-1.473830e-03
-1.454805e-03
-1.436152e-03
-1.417832e-03
-1.399851e-03
-1.382205e-03
-1.364891e-03
-1.347905e-03
-1.331243e-03
-1.314900e-03
-1.298873e-03
-1.283157e-03
-1.267749e-03
-1.252642e-03
-1.237834e-03
-1.223319e-03
-1.209094e-03
-1.195153e-03
-1.181492e-03
-1.168106e-03
-1.154991e-03
-1.142142e-03
-1.129555e-03
-1.117225e-03
-1.105148e-03
-1.093319e-03
-1.081734e-03
-1.070387e-03
-1.059276e-03
-1.048394e-03
-1.037739e-03
-1.027306e-03
-1.017089e-03
-1.007086e-03
-9.973335e-04
-9.877804e-04
-9.784248e-04
-9.692637e-04
-9.602934e-04
-9.515105e-04
-9.429112e-04
-9.344921e-04
-9.262495e-04
-9.181799e-04
-9.102798e-04
-9.025458e-04
-8.949743e-04
-8.875621e-04
-8.803058e-04
-8.732022e-04
-8.662481e-04
-8.594403e-04
-8.527757e-04
-8.462513e-04
-8.398640e-04
-8.336110e-04
-8.274894e-04
-8.214963e-04
-8.156290e-04
-8.099413e-04
-8.043584e-04
-7.988889e-04
-7.935318e-04
-7.882852e-04
-7.831470e-04
-7.781149e-04
-7.731870e-04
-7.683610e-04
-7.636348e-04
-7.590065e-04
-7.544738e-04
-7.500349e-04
-7.456877e-04
-7.414302e-04
-7.372607e-04
-7.331771e-04
-7.291777e-04
-7.252607e-04
-7.214243e-04
-7.176668e-04
-7.139864e-04
-7.103816e-04
-7.068507e-04
-7.034407e-04
-7.000966e-04
-6.968178e-04
-6.936036e-04
-6.904532e-04
-6.873657e-04
-6.843399e-04
-6.813747e-04
-6.784691e-04
-6.756218e-04
-6.728319e-04
-6.700981e-04
-6.674194e-04
-6.647946e-04
-6.622228e-04
-6.597029e-04
-6.572338e-04
-6.548146e-04
-6.524442e-04
-6.501217e-04
-6.478462e-04
-6.456166e-04
-6.434322e-04
-6.412919e-04
-6.391949e-04
-6.371943e-04
-6.352259e-04
-6.332939e-04
-6.313988e-04
-6.295404e-04
-6.277184e-04
-6.259323e-04
-6.241816e-04
-6.224658e-04
-6.207844e-04
-6.191368e-04
-6.175226e-04
-6.159411e-04
-6.143918e-04
-6.128742e-04
-6.113878e-04
-6.099320e-04
-6.085063e-04
-6.071102e-04
-6.057433e-04
-6.044049e-04
-6.030947e-04
-6.018122e-04
-6.005568e-04
-5.993282e-04
-5.981259e-04
-5.970013e-04
-5.958949e-04
-5.948093e-04
-5.937451e-04
-5.927026e-04
-5.916818e-04
-5.906826e-04
-5.897049e-04
-5.887485e-04
-5.878133e-04
-5.868990e-04
-5.860053e-04
-5.851322e-04
-5.842793e-04
-5.834465e-04
-5.826334e-04
-5.818399e-04
-5.810657e-04
-5.803106e-04
-5.795743e-04
-5.788567e-04
-5.781575e-04
-5.774764e-04
-5.768133e-04
-5.761680e-04
-5.755401e-04
-5.749296e-04
-5.743361e-04
-5.738329e-04
-5.733162e-04
-5.728109e-04
-5.723192e-04
-5.718415e-04
-5.713778e-04
-5.709283e-04
-5.704930e-04
-5.700720e-04
-5.696651e-04
-5.692724e-04
-5.688937e-04
-5.685292e-04
-5.681786e-04
-5.678420e-04
-5.675192e-04
-5.672103e-04
-5.669150e-04
-5.666334e-04
-5.663653e-04
-5.661107e-04
-5.658694e-04
-5.656415e-04
-5.654268e-04
-5.652252e-04
-5.650366e-04
-5.648610e-04
-5.646983e-04
-5.645484e-04
-5.644653e-04
-5.643833e-04
-5.643097e-04
-5.642457e-04
-5.641917e-04
-5.641482e-04
-5.641154e-04
-5.640933e-04
-5.640821e-04
-5.640820e-04
-5.640929e-04
-5.641150e-04
-5.641482e-04
-5.641927e-04
-5.642484e-04
-5.643153e-04
-5.643935e-04
-5.644830e-04
-5.645837e-04
-5.646958e-04
-5.648190e-04
-5.649536e-04
-5.650994e-04
-5.652564e-04
-5.654246e-04
-5.656040e-04
-5.657946e-04
-5.659963e-04
-5.662092e-04
-5.664332e-04
-5.666683e-04
-5.669144e-04
-5.672303e-04
-5.675385e-04
-5.678536e-04
-5.681770e-04
-5.685094e-04
-5.688510e-04
-5.692021e-04
-5.695628e-04
-5.699333e-04
-5.703138e-04
-5.707043e-04
-5.711049e-04
-5.715158e-04
-5.719369e-04
-5.723683e-04
-5.728101e-04
-5.732623e-04
-5.737249e-04
-5.741981e-04
-5.746817e-04
-5.751759e-04
-5.756806e-04
-5.761959e-04
-5.767217e-04
-5.772581e-04
-5.778051e-04
-5.783626e-04
-5.789307e-04
-5.795094e-04
-5.800987e-04
-5.806985e-04
-5.813088e-04
-5.819297e-04
-5.825611e-04
-5.832030e-04
-5.839014e-04
-5.846014e-04
-5.853084e-04
-5.860235e-04
-5.867471e-04
-5.874796e-04
-5.882211e-04
-5.889720e-04
-5.897324e-04
-5.905023e-04
-5.912819e-04
-5.920713e-04
-5.928705e-04
-5.936796e-04
-5.944986e-04
-5.953276e-04
-5.961666e-04
-5.970157e-04
-5.978749e-04
-5.987441e-04
-5.996235e-04
-6.005129e-04
-6.014125e-04
-6.023222e-04
-6.032420e-04
-6.041719e-04
-6.051118e-04
-6.060619e-04
-6.070220e-04
-6.079921e-04
-6.089723e-04
-6.099624e-04
-6.109625e-04
-6.119725e-04
-6.129924e-04
-6.140222e-04
-6.150619e-04
-6.161113e-04
-6.171704e-04
-6.182393e-04
-6.193533e-04
-6.204744e-04
-6.216024e-04
-6.227378e-04
-6.238812e-04
-6.250328e-04
-6.261927e-04
-6.273613e-04
-6.285384e-04
-6.297243e-04
-6.309190e-04
-6.321226e-04
-6.333350e-04
-6.345564e-04
-6.357866e-04
-6.370258e-04
-6.382740e-04
-6.395310e-04
-6.407970e-04
-6.420719e-04
-6.433556e-04
-6.446483e-04
-6.459497e-04
-6.472599e-04
-6.485789e-04
-6.499066e-04
-6.512429e-04
-6.525879e-04
-6.539415e-04
-6.553036e-04
-6.566741e-04
-6.580531e-04
-6.594404e-04
-6.608359e-04
-6.622398e-04
-6.636517e-04
-6.650718e-04
-6.664999e-04
-6.679359e-04
-6.693798e-04
-6.708315e-04
-6.722910e-04
-6.737581e-04
-6.752327e-04
-6.767149e-04
-6.782045e-04
-6.797014e-04
-6.812056e-04
-6.827478e-04
-6.842933e-04
-6.858436e-04
-6.873993e-04
-6.889608e-04
-6.905281e-04
-6.921015e-04
-6.936810e-04
-6.952665e-04
-6.968582e-04
-6.984561e-04
-7.000601e-04
-7.016703e-04
-7.032865e-04
-7.049088e-04
-7.065371e-04
-7.081714e-04
-7.098116e-04
-7.114578e-04
-7.131097e-04
-7.147674e-04
-7.164307e-04
-7.180997e-04
-7.197742e-04
-7.214542e-04
-7.231396e-04
-7.248303e-04
-7.265262e-04
-7.282272e-04
-7.299333e-04
-7.316444e-04
-7.333603e-04
-7.350810e-04
-7.368063e-04
-7.385363e-04
-7.402707e-04
-7.420096e-04
-7.437527e-04
-7.454999e-04
-7.472513e-04
-7.490066e-04
-7.507658e-04
-7.525288e-04
-7.542954e-04
-7.560656e-04
-7.578392e-04
-7.596161e-04
-7.613962e-04
-7.631794e-04
-7.649657e-04
-7.667547e-04
-7.685466e-04
-7.703411e-04
-7.721381e-04
-7.739375e-04
-7.757392e-04
-7.775431e-04
-7.793491e-04
-7.811570e-04
-7.829667e-04
-7.847781e-04
-7.865911e-04
-7.884304e-04
-7.902659e-04
-7.921012e-04
-7.939366e-04
-7.957724e-04
-7.976087e-04
-7.994455e-04
-8.012827e-04
-8.031203e-04
-8.049583e-04
-8.067967e-04
-8.086354e-04
-8.104742e-04
-8.123132e-04
-8.141522e-04
-8.159912e-04
-8.178301e-04
-8.196687e-04
-8.215071e-04
-8.233450e-04
-8.251825e-04
-8.270193e-04
-8.288554e-04
-8.306907e-04
-8.325251e-04
-8.343584e-04
-8.361905e-04
-8.380214e-04
-8.398510e-04
-8.416790e-04
-8.435054e-04
-8.453300e-04
-8.471528e-04
-8.489736e-04
-8.507923e-04
-8.526088e-04
-8.544229e-04
-8.562345e-04
-8.580435e-04
-8.598498e-04
-8.616532e-04
-8.634536e-04
-8.652509e-04
-8.670449e-04
-8.688355e-04
-8.706226e-04
-8.724061e-04
-8.741857e-04
-8.759614e-04
-8.777331e-04
-8.795005e-04
-8.812637e-04
-8.830223e-04
-8.847764e-04
-8.865257e-04
-8.882701e-04
-8.900095e-04
-8.917438e-04
-8.934727e-04
-8.951962e-04
-8.969142e-04
-8.986264e-04
-9.003327e-04
-9.020330e-04
-9.037272e-04
-9.054152e-04
-9.070966e-04
-9.087715e-04
-9.104397e-04
-9.121010e-04
-9.137554e-04
-9.154025e-04
-9.170424e-04
-9.186748e-04
-9.202997e-04
-9.219168e-04
-9.235260e-04
-9.251272e-04
-9.267202e-04
-9.283049e-04
-9.298811e-04
-9.314487e-04
-9.330075e-04
-9.345574e-04
-9.360983e-04
-9.376299e-04
-9.391522e-04
-9.406649e-04
-9.421680e-04
-9.436612e-04
-9.451445e-04
-9.466177e-04
-9.480806e-04
-9.495330e-04
-9.509749e-04
-9.524060e-04
-9.538263e-04
-9.552355e-04
-9.566336e-04
-9.580341e-04
-9.594185e-04
-9.607905e-04
-9.621505e-04
-9.634983e-04
-9.648339e-04
-9.661573e-04
-9.674683e-04
-9.687668e-04
-9.700527e-04
-9.713258e-04
-9.725861e-04
-9.738334e-04
-9.750675e-04
-9.762884e-04
-9.774960e-04
-9.786899e-04
-9.798702e-04
-9.810367e-04
-9.821893e-04
-9.833277e-04
-9.844519e-04
-9.855617e-04
-9.866570e-04
-9.877376e-04
-9.888034e-04
-9.898542e-04
-9.908898e-04
-9.919102e-04
-9.929152e-04
-9.939047e-04
-9.948784e-04
-9.958362e-04
-9.967780e-04
-9.977037e-04
-9.986130e-04
-9.995059e-04
-1.000382e-03
-1.001242e-03
-1.002084e-03
-1.002910e-03
-1.003718e-03
-1.004509e-03
-1.005282e-03
-1.006038e-03
-1.006776e-03
-1.007496e-03
-1.008198e-03
-1.008882e-03
-1.009547e-03
-1.010194e-03
-1.010822e-03
-1.011431e-03
-1.012021e-03
-1.012593e-03
-1.013145e-03
-1.013677e-03
-1.014190e-03
-1.014684e-03
-1.015157e-03
-1.015611e-03
-1.016045e-03
-1.016458e-03
-1.016851e-03
-1.017224e-03
-1.017576e-03
-1.017908e-03
-1.018218e-03
-1.018508e-03
-1.018777e-03
-1.019024e-03
-1.019250e-03
-1.019455e-03
-1.019638e-03
-1.019800e-03
-1.019940e-03
-1.020058e-03
-1.020154e-03
-1.020227e-03
-1.020279e-03
-1.020309e-03
-1.020316e-03
-1.020301e-03
-1.020263e-03
-1.020202e-03
-1.020119e-03
-1.020013e-03
-1.019884e-03
-1.019732e-03
-1.019557e-03
-1.019359e-03
-1.019138e-03
-1.018894e-03
-1.018626e-03
-1.018335e-03
-1.018020e-03
-1.017682e-03
-1.017321e-03
-1.016936e-03
-1.016527e-03
-1.016095e-03
-1.015639e-03
-1.015159e-03
-1.014655e-03
-1.014128e-03
-1.013577e-03
-1.013002e-03
-1.012403e-03
-1.011781e-03
-1.011135e-03
-1.010464e-03
-1.009770e-03
-1.009052e-03
-1.008311e-03
-1.007545e-03
-1.006756e-03
-1.005943e-03
-1.005106e-03
-1.004246e-03
-1.003362e-03
-1.002454e-03
-1.001523e-03
-1.000568e-03
-9.995895e-04
-9.985878e-04
-9.975627e-04
-9.965144e-04
-9.954429e-04
-9.943483e-04
-9.932307e-04
-9.920900e-04
-9.909266e-04
-9.897403e-04
-9.885314e-04
-9.873000e-04
-9.860461e-04
-9.847699e-04
-9.834715e-04
-9.821510e-04
-9.808085e-04
-9.794442e-04
-9.780583e-04
-9.766508e-04
-9.752219e-04
-9.737718e-04
-9.723006e-04
-9.708085e-04
-9.692957e-04
-9.677623e-04
-9.662084e-04
-9.646344e-04
-9.630403e-04
-9.614263e-04
-9.597927e-04
-9.581397e-04
-9.564674e-04
-9.547760e-04
-9.530657e-04
-9.513369e-04
-9.495896e-04
-9.478241e-04
-9.460407e-04
-9.442395e-04
-9.424208e-04
-9.405848e-04
-9.387317e-04
-9.368619e-04
-9.349755e-04
-9.330728e-04
-9.311696e-04
-9.292445e-04
-9.273033e-04
-9.253467e-04
-9.233750e-04
-9.213887e-04
-9.193881e-04
-9.173734e-04
-9.153449e-04
-9.133030e-04
-9.112480e-04
-9.091801e-04
-9.070997e-04
-9.050071e-04
-9.029026e-04
-9.007864e-04
-8.986589e-04
-8.965204e-04
-8.943712e-04
-8.922115e-04
-8.900418e-04
-8.878622e-04
-8.856731e-04
-8.834748e-04
-8.812676e-04
-8.790518e-04
-8.768277e-04
-8.745956e-04
-8.723558e-04
-8.701086e-04
-8.678543e-04
-8.655932e-04
-8.633255e-04
-8.610516e-04
-8.587718e-04
-8.564864e-04
-8.541956e-04
-8.518998e-04
-8.495993e-04
-8.472942e-04
-8.449850e-04
-8.426719e-04
-8.403551e-04
-8.380350e-04
-8.357119e-04
-8.333860e-04
-8.310576e-04
-8.287269e-04
-8.263943e-04
-8.240600e-04
-8.217243e-04
-8.193874e-04
-8.170497e-04
-8.147113e-04
-8.123725e-04
-8.100336e-04
-8.076948e-04
-8.053564e-04
-8.030187e-04
-8.006818e-04
-7.983460e-04
-7.960115e-04
-7.936786e-04
-7.913476e-04
-7.890186e-04
-7.866918e-04
-7.843676e-04
-7.820460e-04
-7.797274e-04
-7.774119e-04
-7.750997e-04
-7.727911e-04
-7.704863e-04
-7.681854e-04
-7.658887e-04
-7.635963e-04
-7.613084e-04
-7.590253e-04
-7.567470e-04
-7.544739e-04
-7.522060e-04
-7.499435e-04
-7.476866e-04
-7.454355e-04
-7.431903e-04
-7.409511e-04
-7.387183e-04
-7.364918e-04
-7.342718e-04
-7.320585e-04
-7.298694e-04
-7.276852e-04
-7.255070e-04
-7.233353e-04
-7.211706e-04
-7.190130e-04
-7.168627e-04
-7.147200e-04
-7.125851e-04
-7.104580e-04
-7.083390e-04
-7.062282e-04
-7.041257e-04
-7.020316e-04
-6.999461e-04
-6.978693e-04
-6.958013e-04
-6.937421e-04
-6.916919e-04
-6.896508e-04
-6.876188e-04
-6.855960e-04
-6.835826e-04
-6.815786e-04
-6.795840e-04
-6.775989e-04
-6.756234e-04
-6.736576e-04
-6.717014e-04
-6.697550e-04
-6.678184e-04
-6.658917e-04
-6.639748e-04
-6.620678e-04
-6.601707e-04
-6.582837e-04
-6.564067e-04
-6.545397e-04
-6.526827e-04
-6.508359e-04
-6.489991e-04
-6.471725e-04
-6.453560e-04
-6.435497e-04
-6.417535e-04
-6.399675e-04
-6.381916e-04
-6.364259e-04
-6.346704e-04
-6.329251e-04
-6.311899e-04
-6.294649e-04
-6.277501e-04
-6.260454e-04
-6.243509e-04
-6.226664e-04
-6.209922e-04
-6.193280e-04
-6.176739e-04
-6.160299e-04
-6.143959e-04
-6.127720e-04
-6.111581e-04
-6.095542e-04
-6.079602e-04
-6.063762e-04
-6.048021e-04
-6.032379e-04
-6.016836e-04
-6.001690e-04
-5.986489e-04
-5.971369e-04
-5.956340e-04
-5.941403e-04
-5.926560e-04
-5.911809e-04
-5.897153e-04
-5.882590e-04
-5.868121e-04
-5.853745e-04
-5.839464e-04
-5.825276e-04
-5.811181e-04
-5.797179e-04
-5.783271e-04
-5.769455e-04
-5.755732e-04
-5.742101e-04
-5.728562e-04
-5.715115e-04
-5.701759e-04
-5.688493e-04
-5.675319e-04
-5.662234e-04
-5.649239e-04
-5.636333e-04
-5.623516e-04
-5.610787e-04
-5.598146e-04
-5.585593e-04
-5.573126e-04
-5.560746e-04
-5.548452e-04
-5.536243e-04
-5.524120e-04
-5.512081e-04
-5.500126e-04
-5.488254e-04
-5.476465e-04
-5.464759e-04
-5.453135e-04
-5.441592e-04
-5.430130e-04
-5.418748e-04
-5.407446e-04
-5.396224e-04
-5.385080e-04
-5.374015e-04
-5.363027e-04
-5.352116e-04
-5.341282e-04
-5.330524e-04
-5.319842e-04
-5.309235e-04
-5.298702e-04
-5.288244e-04
-5.277858e-04
-5.267546e-04
-5.257306e-04
-5.247139e-04
-5.237042e-04
-5.227017e-04
-5.217061e-04
-5.207176e-04
-5.197360e-04
-5.187613e-04
-5.178181e-04
-5.168697e-04
-5.159265e-04
-5.149894e-04
-5.140584e-04
-5.131335e-04
-5.122148e-04
-5.113023e-04
-5.103960e-04
